1393.7,355,405.58,-208.43,-524.9,417.19,399.55,345.23,72.96,136.34,60.093,282.4,281.68,668.99,-174.32,-176.45,-415.02,-150.89,51.502,-345.26,-45.386,449.52,-276.09,-515.46,-235.86,-74.729,-90.685,-213.82,-71.982,-732.12,-359.42,80.425,-87.478,80.794,-155.96,-250.92,-175.42,353.52,-20.314,560.43,-38.766,237.38,-471.54,189.47,495.27,-348.32,-225.06,206.11,-101.9,-101.29,278.71,-781.99,716.02,339.49,133.1,-228.22,-180.98,424.21,335.75,251.39,-673,-79.57,156.32,16.144,126.17,-273.1,-84.699,-145.42,-78.204,-222.9,78.19,25.902,301.93,-617.97,-763.81,185.65,55.729,74.486,394.23,-201.32,87.543,239.28,-398.34,57.632,-856.34,156.97,-7.5444,168.38,-212.12,39.069,407.01,6.781,-198.73,-199.72,-558.44,-13.409,43.93,229.45,23.587,312.19
355,3367.8,-621.05,1083.4,355.32,324.5,251.09,521.58,276.79,140.92,127.32,-154.69,196.39,-660.15,262.43,-302.96,84.157,-128.98,-1517.4,-776.77,-294.93,330.35,329.85,-118.58,-185.91,-613.66,-225.05,56.373,429.39,378.59,-457.95,-188.92,469.43,322.46,449.72,-272.75,155.58,-205.19,-524.77,-34.25,-379.6,-318.18,87.419,355.7,133.03,622.12,-602.65,-399.06,-36.017,-379.26,1246.3,-98.691,30.81,563.34,-457.39,644.42,-168.8,324.54,867.5,194.18,308.79,-677.89,-602.61,-498.97,-1010.8,-498.77,-329.82,-251.75,-778.83,84.103,570.9,541.68,101.77,-638.93,373.96,-15.053,-47.784,365.98,227.23,289.62,-334.2,421.18,-503.83,572.58,-662.02,324.9,636.01,-231.75,-241.97,230.65,409.87,-218.66,325.88,-810.16,-653.89,226.98,375.27,-313.53,-645.63,-28.76
405.58,-621.05,2757.1,-79.728,-743.14,119.22,338.43,334.83,-108.36,-208.57,-414.74,273.38,242.03,1151.2,-1017.8,-105.77,-57.357,222.19,333.71,-9.3623,-291.72,487.58,-130.62,-238.02,-188.26,646.8,-84.668,-1008.2,411.91,-299.36,534.3,400.38,-346.51,-285.28,-549.88,457.63,168.95,-188.18,368.22,21.85,-268.66,457.79,-510.72,-394.23,-78.468,-197.07,411.09,365.36,561.95,-373.25,-638.46,-228.2,164.48,-3.2191,177.68,411,297.61,607.18,-435.83,210.19,-473.3,-288.33,233.55,-51.69,-859.05,328.99,-77.16,875.49,399.61,-493.71,-151.86,162.86,212.25,666.85,-109.77,-149.19,273.65,-228.05,-440.2,-340.94,-397.32,-310.57,-430.85,435.06,-628.07,858.72,682.87,614.84,474.42,254.66,-641.3,807.4,109.3,245.08,-929.55,224.17,61.818,-232.23,-91.319,-245.26
-208.43,1083.4,-79.728,3169,617.59,279.02,-403.82,474.01,-193.7,-336.53,104.63,-931.41,140.33,222.35,96.312,-148.23,-192.55,547.67,-907.2,98.887,-663.73,146.09,340.95,-177.36,818.29,-481.01,-502.99,-549.02,-1108.4,-328.13,113.48,278.36,-100.13,245.23,222.58,261.16,-859.16,-0.851,-799.07,-19.578,-921.72,-118.02,456.93,638.88,-165.76,192.17,40.252,85.181,319.31,-999.79,-518.99,-162.25,77.12,420.36,-664.12,-123.21,-936.03,-280.93,-512.25,186.63,922.97,-47.889,-654.28,-221.48,-290.14,-451.54,139.05,291.94,-733.34,-5.9899,-322.02,269.03,403.09,-49.903,706.89,52.905,-103.83,-508.04,-384.1,392.46,-423.38,262.54,-492.79,-503.09,46.333,-79.887,-5.4456,930.38,-161.62,308.87,27.012,148.94,662.21,-64.58,-20.874,458.11,-3.4976,148.16,-393.09,-541.59
-524.9,355.32,-743.14,617.59,2565.3,284.74,-178.99,-914.92,-304.25,-29.495,428.45,-967.36,-684.51,-43.984,-383.45,-517.2,294.76,296.61,216.01,-2.7099,-302.84,-101.65,168.86,126.27,523.42,-85.472,-374.57,32.121,326.7,183.96,628.12,278.81,-219.19,454.48,187.8,-84.344,15.448,710.71,-230.1,-68.557,361.34,-162.77,-186.16,96.685,-77.101,-249.87,271.55,-154.97,-633.13,-111.08,51.776,545.63,-459.07,-138.75,22.023,19.487,-2.1732,-576.56,296.57,599.37,836.3,208.37,-201.47,-651.58,-276.16,859.3,-119.81,-825.49,-474.08,456.05,-931.58,623.88,-4.7896,-129.87,123.83,-100.94,11.054,-366.04,-430.34,412.21,-626.41,-481.79,-481.85,163.45,1025.2,-533.32,101.48,154.4,-457.37,208,856.65,-420.4,95.368,293.25,260.11,-457.71,772.22,706.71,-594.59,356.88
417.19,324.5,119.22,279.02,284.74,2012,-837.82,-82.736,309.22,-467.68,418.7,264.93,-333.44,400.28,224.31,-776.29,32.327,-540.15,-313.72,-159.45,-620.14,12.104,-205.52,-3.6009,184.45,81.123,-101.65,-501.41,219.25,301.53,563.35,114.44,-134.26,380.25,-728.62,-420.57,-345.62,-81.838,156.47,-119.25,-550.45,435.15,-413.37,-282.42,-43.043,-878.32,-42.462,49.457,-288.05,-628.47,-118.84,-120.04,863.44,139.13,485.69,127.54,-406.7,679.05,-208.89,384.72,-409.39,90.921,81.018,-277.06,-120.35,-194.8,-285.74,-1033.3,328.59,-88.593,33.893,61.632,318.76,-436.89,96.398,253.19,257.68,719.98,2.4311,-436.29,-536.25,-135.38,-247.1,200.99,-124.8,-451.28,304.73,469.72,459.88,-173.3,1004.1,-695.14,-7.4169,-401.43,-179.34,-543.67,17.339,-96.19,357.62,-276.07
399.55,251.09,338.43,-403.82,-178.99,-837.82,2403.7,277.47,10.582,209.28,-668.19,16.139,772.52,775.8,-808.42,356.04,136.79,103.27,381.24,-368.08,655.13,195.75,-1.6329,-522.79,289.94,548.16,134.06,270.35,-24.281,-505.66,188.09,587.56,118.16,-374.57,472.17,780.97,685.69,223.27,330.52,-103.94,384.42,-247.14,197.75,-29.504,16.926,609.92,-257.51,-388.4,243.4,97.488,542.35,-494.62,730.24,37.074,-327.36,-728.57,271.31,-520.21,1021.1,-278.09,277.67,-292.5,-112.05,417.5,32.855,-83.039,-366.1,59.353,-549.13,3.4145,-702.06,575.92,-524.17,-430.59,-567.71,-43.933,-613.59,-815.24,-344.32,-94.8,372.22,170.04,-77.261,374.61,-493.27,368.55,266.24,-546.69,-268.94,6.4685,-369.21,78.846,-585.36,-3.6922,-678.67,-288.85,340.08,20.924,-220.97,331.54
345.23,521.58,334.83,474.01,-914.92,-82.736,277.47,1720.9,697.8,-401.01,46.14,-229.26,759.26,-257.81,137.88,126.35,-177.52,-382.28,-333.15,711.33,-558.44,162,530.02,-98.468,-256.84,-21.327,-38.725,-110.51,-1076,-384.45,138.63,266.23,93.734,221.27,42.994,-84.62,121.05,-286.34,166.96,391.32,-81.757,-473.58,401.78,-226.22,-318.2,-78.271,-182.24,-82.41,-48.541,1.3762,-43.4,-574.92,385.33,183,-118.35,22.25,83.87,416.6,288.98,-432.28,67.684,-543.07,-18.927,168.27,73.416,-828.19,225.68,170.9,-132.02,-368.06,162.86,-327.52,300.78,-258.4,52.907,470.75,-187.66,253.11,497.19,85.61,234,-138.49,111.59,71.445,-461.29,571.63,111.8,175.02,-311,267.73,-746.24,214.8,-256.35,-0.074102,-438.38,478.19,-246.86,-654.85,-383.59,-9.6505
72.96,276.79,-108.36,-193.7,-304.25,309.22,10.582,697.8,2619.1,127.55,-42.694,-354.98,934.35,550.49,370.98,306.52,-556.28,-767.51,198.4,29.244,-757.59,-705.78,-299.69,461.51,-96.54,92.521,9.7245,-193.88,-339.25,449.58,700.69,423.02,-3.3746,-898.1,364.82,-222,407.1,-175.15,-18.871,-51.529,230.23,-330.41,60.601,-304.36,-430.35,-742.21,-412.23,-522.63,-351.47,-222.93,33.861,-236.41,-600.69,623.02,-306.02,148.8,-535.34,609.51,474.84,21.577,-320.26,7.1351,-585.34,-160.05,331.19,-40.69,174.15,-402.43,414.06,-91.198,713.58,-437.95,-166.63,487.23,485.26,617.82,-742.3,588.36,704.06,-413.29,-745.66,-178.21,-36.158,821.76,-53.612,-171.14,-24.187,-495.9,-712.87,-298.6,-235.11,-200.22,-847.67,464.35,36.163,-253.21,-655.53,-310.47,-697.51,603.13
136.34,140.92,-208.57,-336.53,-29.495,-467.68,209.28,-401.01,127.55,1716.7,-855.34,526.22,-396.25,-107.8,-419.24,556.84,538.76,608.93,108.5,-677,469.33,-595.29,-27.958,-280.05,31.29,2.405,-709.71,293.37,434.68,581.69,-161.21,-201.14,-76.998,-1149.3,-132.81,-36.11,-212.33,174.79,68.172,57.438,-234.31,-928.56,-198.69,-25.764,664.29,68.802,-245.37,107.37,332.32,320.36,413.53,-206.88,-782.24,777.11,94.439,107.53,20.311,155.87,46.585,204.62,131.25,1.8901,-120.5,-315.2,112.02,588.37,53.674,-432.87,-165.4,-465.09,641.04,49.4,350.73,-237.76,-122.66,51.295,-466.71,-382.95,189.99,183.23,-153.85,-298.1,8.6271,-520.33,-106.48,201.36,-363.41,-160.89,-481.31,-430.1,326.14,349.92,-360.99,16.575,16.809,212.82,319.33,-0.41171,161,336.83
60.093,127.32,-414.74,104.63,428.45,418.7,-668.19,46.14,-42.694,-855.34,1973.3,-166.58,66.629,251.3,23.809,-882.79,-592.53,-358.08,172.7,-23.572,-729.17,-8.3883,-152.23,288.39,-43.972,-929.85,309.51,8.4174,-371.86,-542,-5.3336,-124.73,-89.01,1126.2,416.51,-321.25,862.97,343.95,-446.39,83.755,183.69,621.84,243.64,51.046,-364.33,-244.33,62.797,-379.32,-308.08,-121.85,-11.328,419.1,298.75,-174.63,373.01,480.45,407.17,52.454,-622.44,548.3,71.63,568.78,37.365,177.88,239.06,-370.72,553.93,238.42,32.863,-287.14,175.52,231.92,-453.21,-328.3,-611.96,-564.2,143.98,542.77,55.918,243.26,-8.0947,-412.17,-191.96,275.45,483.1,-142.16,-339.21,-85.007,11.89,-101.16,-220.45,-419.54,549.19,-407.83,180.38,46.717,-165.88,-240.77,134.32,355.29
282.4,-154.69,273.38,-931.41,-967.36,264.93,16.139,-229.26,-354.98,526.22,-166.58,2862.2,-20.273,-594.1,128.42,-217.88,239.44,63.806,-547.19,-480.85,316.7,-293.13,240.41,-134.09,-233.58,-100.87,-201.26,-352.81,176.25,1044.6,-371.79,-466.52,-303.34,-577.64,-314.58,73.436,274.16,-31.246,-102.61,-524.43,-479.12,-64.589,-294.16,-499.77,695.26,366.69,-438.48,-131.27,589.91,554.03,210.85,-500.7,899.04,-47.938,772.63,-110.71,98.83,-145.96,-881.88,-490.23,-846.69,685.77,582.47,920.29,337.3,138.16,-169.96,34.899,85.203,-209.91,820.08,789.62,-264.05,-378.96,-311.84,185.62,-61.779,53.876,-23.05,223.73,-280.23,-674.72,-504.24,-531.1,-448.93,-70.668,-16.474,38.875,740.37,-885.13,-184.6,107.73,-44.767,-373.56,-253.33,-21.397,64.461,198.34,139.79,-533.49
281.68,196.39,242.03,140.33,-684.51,-333.44,772.52,759.26,934.35,-396.25,66.629,-20.273,2314.8,375.16,60.73,-233.08,-533.53,-939.25,-250.29,260.22,-192.72,0.93426,-316.14,140.18,-81.027,608.62,-117.72,-244.21,-770.69,150.04,-202.19,-249.92,320.45,-228.42,629.92,321.3,113.48,-6.1953,-178.83,-116.15,655.45,311.81,501.05,445.89,-493.43,-54.054,17.448,-397.02,8.3163,-208.56,453.21,-372.63,119.69,177.38,-93.917,-725.24,-67.23,404.3,520.51,258.21,-124.29,359.2,26.2,884.54,180.55,-504.31,121.13,-143.52,-215.76,29.786,405.54,601.75,-711.75,191.62,-272.78,640.27,2.7539,-882.8,109.75,-228.12,-307.97,-21.865,201.16,883.31,-38.396,143.3,190.78,588.07,-14.993,-343.79,-1155.1,501.46,-364.56,258.68,109.11,-201.3,-311.12,82.231,-886.26,-221.1
668.99,-660.15,1151.2,222.35,-43.984,400.28,775.8,-257.81,550.49,-107.8,251.3,-594.1,375.16,3125.4,-291.17,-378.07,-223.43,-108.95,705.76,-658.05,-23.408,-245.37,-1133.3,-375.47,848.75,-24.668,-164.48,-662.38,496.04,-1139.5,405.72,939.71,-412.89,-577.27,-98.906,529.02,516.95,13.007,149.31,606.35,-166.55,894,-252.44,503.8,-367.22,-693.95,392.23,126.59,633.8,-934.4,-94.46,-148.83,379.1,494.32,-339.53,-178.94,-551.16,480.23,-62.908,555.42,-369.83,557.1,-674.4,-172.25,-121.61,102.68,195.09,606.36,-36.485,-315.74,133.34,69.115,-41.805,-146.61,-638.4,-478.2,-783.75,-226.54,-693.62,-499.78,130.4,562.2,169.08,298.02,-52.427,-142.89,-50.017,-151.1,-419.15,-327.72,261.11,105.36,-253.91,-32.77,-307.28,-779.45,-304.03,100.1,185.34,258.83
-174.32,262.43,-1017.8,96.312,-383.45,224.31,-808.42,137.88,370.98,-419.24,23.809,128.42,60.73,-291.17,2984.7,72.916,324.17,-542.93,-545.92,663.82,459.74,-897.51,243.3,97.36,-122.79,-417.16,275.61,-602.87,391.99,-492.65,-900.26,-571.14,-837.18,291.42,-92.662,-50.4,-483.35,-580.15,355.75,302.12,143.05,116.43,-68.23,217.72,-291.89,50.813,260.95,-799.15,-67.398,-65.362,482.99,-338.73,28.826,-563.42,-586.58,-292.23,-406.61,-37.755,-237.42,-511.54,-479.63,22.338,-249.57,-288.12,131.66,-169.39,231.64,601.23,175.41,125.99,876.12,-74.912,493.16,-400.06,740.81,75.319,-195.43,700.94,187.6,-237.76,248.43,770.28,668.91,-548.71,288.37,-851.45,820.6,99.983,-466.11,-270.94,107.96,-316.49,-715.37,167.31,526.41,-624.24,-444.42,376.31,-504.08,-1121
-176.45,-302.96,-105.77,-148.23,-517.2,-776.29,356.04,126.35,306.52,556.84,-882.79,-217.88,-233.08,-378.07,72.916,1987.4,-368.54,-36.827,742.7,-42.703,904.34,-404.2,104.95,-279.59,-26.123,-29.066,730.81,-12.595,-304.51,35.383,248.76,17.218,281.63,-543.44,-117.93,459.82,-536.89,16.101,149.99,-161.21,-103.82,-888.06,-76.265,-8.1784,362.99,625.47,-853.16,55.87,-302.88,-40.509,-507.45,-743.05,-741.35,300.09,-465.36,-348.82,-340.37,-635.28,-180.4,-264.77,-286.09,-653.32,-178.01,-97.427,212.06,-16.261,-150.12,417.34,133.46,-393.69,-141.82,-664.1,213.17,154.16,843.28,-368.33,435.34,-95.251,446.51,-278.95,86.27,383.02,-393.3,107.21,98.972,53.977,-22.583,-457.59,57.596,-13.276,-222.92,-160.38,-378.91,363.61,216.95,318.13,-56.078,8.9938,241.23,376.74
-415.02,84.157,-57.357,-192.55,294.76,32.327,136.79,-177.52,-556.28,538.76,-592.53,239.44,-533.53,-223.43,324.17,-368.54,1870.5,356.34,-326.3,112.97,429.43,-801.86,478.72,-420.43,-156.55,263.52,-665.15,106.42,723.93,394.63,-65.185,298.81,-5.2624,8.4251,-106.84,12.545,215.92,-131.51,950.7,-19.43,-212.02,-619.69,158.86,-309.34,-217.6,-41.08,974.15,457.17,651.7,227.19,334.7,53.407,-52.209,-81.275,-41.426,455.01,90.985,338.56,196.5,-719.18,342.64,-115.99,-43.211,-130.43,-209.23,245.82,-219.17,-376.61,-199.74,-286.21,218.73,404.46,-129.93,-277.58,-352.39,74.777,-313.52,-93.069,-601.4,288.5,96.174,-347.66,885.08,-352.67,213.95,211.05,770.34,206.69,-368.57,147.53,547.56,2.5936,-0.30169,-63.514,57.925,-433.35,434.59,-123.66,116.93,-771.33
-150.89,-128.98,222.19,547.67,296.61,-540.15,103.27,-382.28,-767.51,608.93,-358.08,63.806,-939.25,-108.95,-542.93,-36.827,356.34,1974.2,-134.38,-550.8,-38.893,-107.57,727.09,-17.853,0.61431,-41.799,-603.29,320.35,280.56,-529.76,-199.93,166.33,-648.75,-368.21,322.07,-182.73,182.7,57.319,-385.13,227.56,-542.43,-20.851,-398.05,-139.51,378.18,44.119,113.52,-260.04,732.76,293.66,-328.87,305.42,-257.76,-305.94,-538.17,424.31,204.66,-79.521,-615.2,-633.86,642.37,-213.58,-103.42,-567.11,188.55,287.97,185.63,511.22,100.33,132.14,-444.75,48.365,394.9,168,-96.981,-237.15,-626.05,-501.96,30.391,525.4,-35.713,-188.55,-325.4,-880.36,-457.58,636.97,-176.92,59.437,-287.77,34.274,208.03,268.78,649.61,204.46,-408.26,178.71,387.98,27.239,216.94,524.83
51.502,-1517.4,333.71,-907.2,216.01,-313.72,381.24,-333.15,198.4,108.5,172.7,-547.19,-250.29,705.76,-545.92,742.7,-326.3,-134.38,2375.8,-36.569,598.79,-464.74,-462.55,-517.28,-292.32,-148.78,775.94,23.326,-525.02,-880.17,283.85,111.3,-56.657,187.22,175.26,268.44,194.78,673.73,601,-349.74,193.74,-171.46,-187.6,-67.412,41.534,119.12,-325.17,-195.31,-144.54,-333.97,-460.54,40.057,-622.62,-36.552,406.69,-72.456,372.99,-201.05,193.84,800.24,-295.37,43.586,137.78,-333.27,515.55,609.65,13.818,273.51,450.16,-831.59,-335.62,-493.94,176.29,571.35,-590.48,-399.32,356.87,-124.54,26.381,-523.62,-290.17,-322.7,-156.27,-46.793,631.28,-280.67,-189.56,-64.995,-459.54,216.41,66.534,-395.23,-539.64,226.12,94.603,244.36,279.83,-8.0513,385.07,620.27
-345.26,-776.77,-9.3623,98.887,-2.7099,-159.45,-368.08,711.33,29.244,-677,-23.572,-480.85,260.22,-658.05,663.82,-42.703,112.97,-550.8,-36.569,2403.3,-478.16,345.83,349.44,367.2,132.44,173.32,101.16,-396.21,-973.8,-536.68,281.25,200.35,-231.54,706.24,-660.54,-135.2,-332.64,-69.698,682.14,385.77,810.37,-642.89,321.67,-474.31,-337.26,-109.1,893.17,297.28,-440.19,644.51,-396.31,-4.4848,210.75,-153.24,423.55,-239.09,274.77,-421.7,15.318,-545.04,8.6344,230.76,523.26,357.27,-374.06,360.37,-160.32,107.72,-184.22,545.44,-132.87,-79.955,169.97,290.49,239.22,681.84,-45.417,728.2,-221.25,250.51,144.13,-188.04,241.86,-632.09,262.04,-416.59,169.83,338.61,-622.81,785.15,-475.27,395.58,-776.27,473.46,118.39,490.1,-251.07,72.793,-751.69,-554.02
-45.386,-294.93,-291.72,-663.73,-302.84,-620.14,655.13,-558.44,-757.59,469.33,-729.17,316.7,-192.72,-23.408,459.74,904.34,429.43,-38.893,598.79,-478.16,2240,-494.02,-31.435,-630.75,-2.2834,216.71,768.63,47.659,536.56,-330.91,-111.68,-328.69,122.8,-111.61,-230.02,532.45,-114.83,-534.02,245.73,-21.936,230.96,-456.45,-84.335,576.25,682.3,805.96,-180.26,-50.794,237.33,-271.73,521.81,-316.14,-564.83,-173.86,-446.44,-205.06,135.53,-664.94,84.194,-20.954,-827.95,237.04,432.92,-9.8662,-53.272,-397,-401.67,378.78,18.748,-40.897,-26.313,434.54,21.527,-152.2,143.8,-477.92,644.26,-708.29,-169.46,-271.88,467.94,698.66,406.83,234.11,542.71,116.15,345.03,-46.023,-225.3,-327.08,238.54,-230.2,262.64,-141.95,378.43,-225.55,640.62,388.41,193.77,-75.232
449.52,330.35,487.58,146.09,-101.65,12.104,195.75,162,-705.78,-595.29,-8.3883,-293.13,0.93426,-245.37,-897.51,-404.2,-801.86,-107.57,-464.74,345.83,-494.02,2427.1,-429.98,373.74,-202.61,145.53,93.729,186.11,12.882,11.652,-262.53,44.047,341.85,220.05,-581.81,-185.29,-304.23,-66.911,-905.44,382.49,292.63,834.6,-303.49,235.89,222.87,422.91,-126.14,816.17,-483.57,238.55,65.747,284.44,595.71,-412.04,322.12,-528.99,525.04,-280.18,855.32,363.21,-75.259,-424.07,398.7,-10.69,-672.84,350.89,-275.44,106.53,-665.97,933.43,-736,-279.71,571.77,203.94,74.206,413.83,227.16,184.48,-11.99,15.917,399.77,537.07,-487.08,-9.7521,-892.69,162.21,-443.41,-82.367,688.72,515.73,-293.12,531.05,325.12,-108.33,-564.08,702.59,-312.29,145.63,-80.434,77.96
-276.09,329.85,-130.62,340.95,168.86,-205.52,-1.6329,530.02,-299.69,-27.958,-152.23,240.41,-316.14,-1133.3,243.3,104.95,478.72,727.09,-462.55,349.44,-31.435,-429.98,1861.9,99.279,-472.84,6.9146,-79.216,-175.64,-350.12,-148.3,378.62,97.965,-557.23,524.1,25.657,-208.01,92.628,-154.51,-21.553,123.62,-322.09,-513.79,-276.03,-528.23,-26.143,63.059,163.7,-592.95,-159.68,463.43,-260.35,-473.68,11.87,-793.75,-489.89,169.81,278.81,-15.278,-395.05,-1031.5,278.76,-468.36,121.3,-191.87,533.32,-318.67,272.56,124.4,121.19,-45.233,-390.89,222.84,309.42,-321.98,452.04,181.73,-37.066,-76.039,424.55,499.22,-49.427,-751.01,29.848,-152.44,81.004,638.7,644.8,331.7,-81.803,75.772,-232.07,-446.72,650.3,386.77,-234.99,-65.133,446.12,-50.465,-553.18,158.63
-515.46,-118.58,-238.02,-177.36,126.27,-3.6009,-522.79,-98.468,461.51,-280.05,288.39,-134.09,140.18,-375.47,97.36,-279.59,-420.43,-17.853,-517.28,367.2,-630.75,373.74,99.279,1220.9,93.288,268.23,-37.272,91.883,331.27,455.29,297.83,-128.45,-263.7,-175.81,-163.01,-225.8,272.33,-388.46,-665.04,127.89,468.91,469.48,-136.98,-245.42,-148.44,-375.5,0.81109,-417.52,-428.79,440.98,104.43,734.73,-194.02,-342.12,26.418,55.854,393.94,-47.392,-323.08,-62.055,253.11,225.84,156.76,63.417,-138.68,203.61,315.6,37.108,314.48,771.93,15.238,-106.93,-38.314,271.41,772.31,195.46,-347.74,370.18,212.22,74.773,-82.483,-81.887,-18.235,189.94,2.3877,36.465,-353.9,-377.34,333.56,-349.55,-573.08,206.21,192.99,391.18,127.94,-99.457,-429.76,29.257,-281.28,292.73
-235.86,-185.91,-188.26,818.29,523.42,184.45,289.94,-256.84,-96.54,31.29,-43.972,-233.58,-81.027,848.75,-122.79,-26.123,-156.55,0.61431,-292.32,132.44,-2.2834,-202.61,-472.84,93.288,2311.1,645.52,-128.63,20.317,-105.67,-205.37,791.69,208.9,-201.59,-327.8,-336.09,655.65,-493.17,-424.33,-89.486,245.78,256.26,-465.21,295.37,-44.049,173.83,-362.35,-264,-680.36,107.65,-450.89,-7.5023,238.03,797.83,892.67,-22.846,-45.901,-499.86,-777.17,-819.82,271.13,934.99,701.53,84.15,308.4,-432.34,-471.17,-54.875,-330.73,72.189,616.15,-494.22,422.31,-376.37,-590.96,749.52,-148.51,-563.74,-121.21,-460.58,-178.05,429.82,605.17,-122.06,-329.9,256.71,-579.96,-498.88,-275.04,-200.88,-173.75,356.8,420.31,-487.17,-198.72,136.57,-166.88,182.26,62.707,496.24,93.273
-74.729,-613.66,646.8,-481.01,-85.472,81.123,548.16,-21.327,92.521,2.405,-929.85,-100.87,608.62,-24.668,-417.16,-29.066,263.52,-41.799,-148.78,173.32,216.71,145.53,6.9146,268.23,645.52,2290.4,-303.77,470.66,509.3,355.88,674.9,-24.559,7.1077,-381.15,-305.29,277.87,-756.83,-582.79,243.21,23.152,713.62,48.459,-177.43,-253.39,-67.812,-635.95,118.56,-380.11,18.648,-33.383,195.89,360.18,266.83,-162.27,-247.8,-254.19,243.58,316.92,112.74,92.98,508.68,-137.59,700.07,166.56,-189.41,-283.59,-367.33,-856.69,719.62,607.15,-991.49,202.7,-193.73,287.21,528.41,800.51,252.81,-878.88,-31.799,-739.27,139.52,173.46,541.24,404.12,-283.37,468.44,442.86,638.38,403.67,-24.94,-229.88,645.9,-332.43,610.32,-70.463,-535.73,305.33,-34.937,104.85,-154.72
-90.685,-225.05,-84.668,-502.99,-374.57,-101.65,134.06,-38.725,9.7245,-709.71,309.51,-201.26,-117.72,-164.48,275.61,730.81,-665.15,-603.29,775.94,101.16,768.63,93.729,-79.216,-37.272,-128.63,-303.77,2035.2,-78.264,-103.32,-488.01,170.82,-175.35,205.58,617.75,389.36,317.06,237.31,-69.323,206.86,-464.76,219.29,252.14,13.972,10.614,118.91,789.08,-646.68,-356.26,-435,-224.31,-137.07,31.506,-127.28,-394.88,-60.505,91.824,113.84,-711.29,-21.279,-57.21,-817.11,-70.332,342.05,62.276,-28.636,-344.97,-329.94,830.07,545.41,270.31,-195.14,-49.175,-401.19,390.35,434.09,-491.9,875.22,645.64,279.89,-532.43,-109.42,639,-311.26,569.08,206,-395.98,211.56,-448.22,122.21,308.08,45.399,-687.67,163.14,-217.59,137.45,154.78,-117.47,22.559,138.83,63.769
-213.82,56.373,-1008.2,-549.02,32.121,-501.41,270.35,-110.51,-193.88,293.37,8.4174,-352.81,-244.21,-662.38,-602.87,-12.595,106.42,320.35,23.326,-396.21,47.659,186.11,-175.64,91.883,20.317,470.66,-78.264,2336.1,-33.914,257.12,-464.63,-95.808,460.74,16.064,811.25,-326.92,68.221,7.3496,-71.748,-251.83,79.2,-39.273,417.25,95.914,-27.403,-78.714,-392.91,-218.12,354.98,570.53,582.75,1031.2,68.67,-364.97,-105.55,50.821,350.42,157.57,711.53,-124.5,960.05,-118.94,-19.411,42.238,753.7,-479.23,-90.306,-677.16,400.23,633.71,-684.98,-739.23,-441.14,273.91,-652.93,283.01,-272.85,-386.66,314.52,-130.37,643.38,276.56,869.01,-345.55,-272.06,137.02,-779.62,-244.48,-115.64,266.76,392.29,-94.494,47.82,-328.8,202.51,51.523,-26.861,-542.57,933.43,546.99
-71.982,429.39,411.91,-1108.4,326.7,219.25,-24.281,-1076,-339.25,434.68,-371.86,176.25,-770.69,496.04,391.99,-304.51,723.93,280.56,-525.02,-973.8,536.56,12.882,-350.12,331.27,-105.67,509.3,-103.32,-33.914,3214.6,414.31,-504.48,-206.15,-270.32,-489.07,-512.63,40.18,453.79,-148.42,141.15,225.38,343.78,1015.8,-627.22,-89.216,-75.053,-251.23,623.24,389.83,-278.47,417.86,703.37,298.93,-400.42,-238.7,-443.06,568.15,256.79,160.33,-106.54,34.806,-20.731,-673.37,-381.14,-623.26,-890.52,858.74,-31.731,141.53,230.87,397.96,265.92,97.751,-191.02,-369.81,416.43,-856.22,-208.44,99.314,-47.499,77.912,308.61,549.16,101.99,757.01,-248.4,94.945,953.43,-816.52,677.59,-385.66,430.32,390.69,57.858,250.38,-29.591,-1187.1,55.924,388.02,336.51,-283.47
-732.12,378.59,-299.36,-328.13,183.96,301.53,-505.66,-384.45,449.58,581.69,-542,1044.6,150.04,-1139.5,-492.65,35.383,394.63,-529.76,-880.17,-536.68,-330.91,11.652,-148.3,455.29,-205.37,355.88,-488.01,257.12,414.31,3336.1,709.95,-146.49,771.81,-1155.5,-306.44,48.984,-109.99,-254.7,-438.79,-1022.6,-419.27,-239.24,410.35,-220.45,-308.87,445.3,-193.04,840.89,-79.832,71.53,-77.224,350.07,-436.1,188.87,551.15,-222.45,-379.87,71.599,351.46,-188.72,-0.57935,116.57,-68.081,431.66,-11.179,549.13,-173.66,-984.35,-383.69,192.83,279.06,125.58,-223.15,408.15,849.03,443.23,-201.7,-140.5,-259.17,-8.6174,-703.58,-629.02,58.445,660.98,512.03,-89.46,-321.66,-241.6,1125.2,-804.8,-256.51,-245.45,309.35,-365.99,447.08,-192.34,-515.56,-113.31,-45.24,-388.16
-359.42,-457.95,534.3,113.48,628.12,563.35,188.09,138.63,700.69,-161.21,-5.3336,-371.79,-202.19,405.72,-900.26,248.76,-65.185,-199.93,283.85,281.25,-111.68,-262.53,378.62,297.83,791.69,674.9,170.82,-464.63,-504.48,709.95,3085.3,1161,-114.14,-286.6,-872.37,421.37,468.12,-884.12,98.955,-205.85,-142.72,-865.83,-57.653,-717.19,-151.31,-58.499,-12.083,-80.56,-223.99,-798.53,-805.07,195.93,159.55,-116.16,45.356,14.238,95.091,-259.17,20.74,-346.19,-319.96,473.67,323.79,-166.87,-66.327,-227.18,-350.37,-492.18,182.46,115.32,-1070.7,287.88,339.49,11.944,969.08,392.07,-278.9,293.51,-538.99,-440.27,-310.88,-712.79,7.9636,813.62,861.13,498.08,-19.454,-277.82,-186.88,-428.7,4.257,-1216.3,366.4,-230.42,-391.74,-60.45,134.71,-350.02,-275.37,841.84
80.425,-188.92,400.38,278.36,278.81,114.44,587.56,266.23,423.02,-201.14,-124.73,-466.52,-249.92,939.71,-571.14,17.218,298.81,166.33,111.3,200.35,-328.69,44.047,97.965,-128.45,208.9,-24.559,-175.35,-95.808,-206.15,-146.49,1161,1726.2,160.13,-178.66,-150.47,10.292,527.79,-149.46,327.56,224.81,-215.55,-189.3,-31.416,-279.62,-214.6,-259.06,457.64,842.92,268.29,-122.14,-734.66,-134.27,443.19,20.752,-289.14,178.98,-459.76,-41.152,255.67,-1098.8,-204.62,87.221,-344.8,73.218,-40.945,30.837,-395.42,137.66,-201.79,460.01,-636.12,-43.524,-236.66,112.61,-86.083,99.22,-685.33,350.91,-413.47,94.818,3.7937,27.315,63.662,250.08,-90.625,212.9,192.84,-562.2,-639.24,390.99,435.61,-397.7,165.21,71.939,-463.17,-107.27,-211.23,44.175,-53.413,453.85
-87.478,469.43,-346.51,-100.13,-219.19,-134.26,118.16,93.734,-3.3746,-76.998,-89.01,-303.34,320.45,-412.89,-837.18,281.63,-5.2624,-648.75,-56.657,-231.54,122.8,341.85,-557.23,-263.7,-201.59,7.1077,205.58,460.74,-270.32,771.81,-114.14,160.13,1852.8,166.7,111.82,-200.3,-150.14,208.66,121.76,-215.61,90.813,-274.2,670.12,427.89,-87.034,211.95,-5.5892,1457.4,-194.33,-85.911,-201.01,-289.94,-350.59,735.55,79.572,398.39,-505.11,54.207,655.58,-129.87,-63.389,-208.55,9.8062,561.82,-207.46,-569.37,-465.89,-617.47,-347.28,-82.344,66.515,-182.85,-937.13,254.06,-211.96,-157.67,795.01,-168.13,103.63,68.194,204.35,280.62,140.24,903.18,34.762,201.94,-123.31,-336.12,413.75,529.46,180.5,13.396,509.04,-291.76,431.37,344.86,-19.58,-182.59,386.25,124.15
80.794,322.46,-285.28,245.23,454.48,380.25,-374.57,221.27,-898.1,-1149.3,1126.2,-577.64,-228.42,-577.27,291.42,-543.44,8.4251,-368.21,187.22,706.24,-111.61,220.05,524.1,-175.81,-327.8,-381.15,617.75,16.064,-489.07,-1155.5,-286.6,-178.66,166.7,2309.6,-85.642,-233.46,128.7,293.22,346.78,189.68,258.52,61.194,148.38,-40.036,-201.78,17.65,472.06,-95.816,-593.43,7.1387,176.45,-4.3901,691.65,-577.28,237.57,547.73,617.65,-127.48,-67.541,308.91,126.75,-175.79,420.49,45.945,-268.32,-602.73,61.373,12.152,72.693,-224.32,-449.62,323.44,-162.42,-452.84,-517.57,-409.97,1016.5,503.77,45.108,59.419,349.57,-118.54,134.19,189.36,382.9,124.54,541.67,391.01,37.5,874.04,84.613,-602.07,440.91,-273.64,120.5,105.72,516.34,-123.74,31.21,-168.64
-155.96,449.72,-549.88,222.58,187.8,-728.62,472.17,42.994,364.82,-132.81,416.51,-314.58,629.92,-98.906,-92.662,-117.93,-106.84,322.07,175.26,-660.54,-230.02,-581.81,25.657,-163.01,-336.09,-305.29,389.36,811.25,-512.63,-306.44,-872.37,-150.47,111.82,-85.642,2868.9,-58.73,643.97,826.15,-54.138,-1061.8,38.145,522.81,312.76,195.76,-305.88,201.57,-573.49,-1197.7,644.56,109.24,198,609.37,-180.55,-187.72,-391.94,225.28,-470.2,63.658,281.17,-351.06,524.5,-56.627,-620.11,235.97,647.71,-245.92,-131.52,586.66,351.55,234.36,-87.74,136.86,-1372.4,816.18,-722.56,116.85,7.452,-638.8,284.61,20.093,-920.84,-54.375,-313.78,103.76,-563.5,-598.89,230.4,220.08,-461.43,390.1,155,-26.785,147.27,55.528,-67.293,93.729,-143.67,-15.613,-212.7,10.023
-250.92,-272.75,457.63,261.16,-84.344,-420.57,780.97,-84.62,-222,-36.11,-321.25,73.436,321.3,529.02,-50.4,459.82,12.545,-182.73,268.44,-135.2,532.45,-185.29,-208.01,-225.8,655.65,277.87,317.06,-326.92,40.18,48.984,421.37,10.292,-200.3,-233.46,-58.73,1291.1,12.002,-11.51,209.06,-421.81,-115.76,-103.27,358.94,-92.951,-174.61,815.43,-267.2,-525.9,148.71,-491.61,19.308,-112.4,436.27,48.271,-157.13,-482.38,58.962,-799.84,-174.89,339.48,388.07,-163.98,-307.36,237.5,-312.94,8.2868,-15.166,482.59,-171.31,-272.59,-317.09,259.85,-26.507,-348.42,498,-359.99,-116.93,-380.97,-655.99,-172.7,151.76,116.37,59.816,190.71,292.47,0.78917,248.09,-240.71,456.63,-343.7,-566.13,6.1598,-465.98,-138.15,-64.582,-195.25,7.6987,-58.385,114.15,-493.15
-175.42,155.58,168.95,-859.16,15.448,-345.62,685.69,121.05,407.1,-212.33,862.97,274.16,113.48,516.95,-483.35,-536.89,215.92,182.7,194.78,-332.64,-114.83,-304.23,92.628,272.33,-493.17,-756.83,237.31,68.221,453.79,-109.99,468.12,527.79,-150.14,128.7,643.97,12.002,2576.3,12.06,-67.736,-87.844,182.76,129.83,153.41,-469.94,-401.22,287.5,357.59,-237.29,177.23,390.31,418.52,329.01,214.22,-452.17,204.88,629.02,728.44,-83.337,275.08,-547.4,-371.14,339.41,-235.94,172.7,-49.131,192.62,213.52,613,-269.07,-113.98,430.37,457.72,-679.67,-155.46,-824.26,-517.81,-891.75,374.3,-201,513.1,-41.945,-805.16,-227.69,771.73,287.77,456.97,-24.743,-1070.6,-326.36,-339.26,-612.03,-659.1,435.07,-387,-411.23,-228.71,-187.39,-383.37,-367.76,747.79
353.52,-205.19,-188.18,-0.851,710.71,-81.838,223.27,-286.34,-175.15,174.79,343.95,-31.246,-6.1953,13.007,-580.15,16.101,-131.51,57.319,673.73,-69.698,-534.02,-66.911,-154.51,-388.46,-424.33,-582.79,-69.323,7.3496,-148.42,-254.7,-884.12,-149.46,208.66,293.22,826.15,-11.51,12.06,2289.9,439.26,-438.32,-113.05,285.51,-82.176,-92.794,-62.605,-153.88,-52.337,268.49,-651.34,506.24,-335.24,-776.48,139.75,304.37,318.97,-265.06,-366.67,-348.37,-10.821,340.16,702.25,-597.04,-527.36,176.72,486.79,846.02,-7.0597,-366.69,-330.3,-612.14,-197.61,-158.48,-707.33,-282.69,-895.48,-425,246.9,-432.14,196.36,525.41,-715.36,-911.75,-1021.2,-146.84,-195.3,-511.61,279.66,114.77,423.43,340.56,376.62,196.36,-516.83,490.33,67.155,-166.92,32.285,581.08,8.7356,-57.153
-20.314,-524.77,368.22,-799.07,-230.1,156.47,330.52,166.96,-18.871,68.172,-446.39,-102.61,-178.83,149.31,355.75,149.99,950.7,-385.13,601,682.14,245.73,-905.44,-21.553,-665.04,-89.486,243.21,206.86,-71.748,141.15,-438.79,98.955,327.56,121.76,346.78,-54.138,209.06,-67.736,439.26,2373.1,-458.27,-77.989,-638.19,393.74,-677.9,-398.5,-158.72,620.36,123.82,-2.7848,94.005,-151.13,-275.94,305.09,258.66,387.29,401.2,108.52,245.78,327.8,-365.18,219.4,-569.76,-129.47,24.892,-357.03,85.671,-536.38,-278.33,428.48,-682.24,77.522,-66.408,-402.19,-70.888,-584,-136.75,277,398.08,-359.33,-405.37,55.887,-322.44,707.2,-239.58,173.4,-165.68,1069,47.396,-393.81,736.74,491.74,9.1851,-1222.1,-119,-96.198,-191.6,295.29,-514.04,350.14,-675.34
560.43,-34.25,21.85,-19.578,-68.557,-119.25,-103.94,391.32,-51.529,57.438,83.755,-524.43,-116.15,606.35,302.12,-161.21,-19.43,227.56,-349.74,385.77,-21.936,382.49,123.62,127.89,245.78,23.152,-464.76,-251.83,225.38,-1022.6,-205.85,224.81,-215.61,189.68,-1061.8,-421.81,-87.844,-438.32,-458.27,2261.5,538.98,-180.97,-509.95,420.04,299.33,-781,588.48,638.89,-423.28,198.97,222.89,-732.52,-148.78,203.07,-553.74,65.914,212.28,204.43,-83.299,-102.23,-284.07,196.79,318.33,-289.47,-27.209,-458.98,634.42,-109.57,-483.76,98.239,292.58,-81.47,810.71,-879.54,-201.93,-70.321,-307.26,262.62,412.69,390.16,1068.7,499.14,291.04,47.412,42.951,837.6,-563.71,-93.778,-725.09,-66.436,-26.083,482,265.77,514.47,127.03,-324,133.58,358.25,-284.69,778.52
-38.766,-379.6,-268.66,-921.72,361.34,-550.45,384.42,-81.757,230.23,-234.31,183.69,-479.12,655.45,-166.55,143.05,-103.82,-212.02,-542.43,193.74,810.37,230.96,292.63,-322.09,468.91,256.26,713.62,219.29,79.2,343.78,-419.27,-142.72,-215.55,90.813,258.52,38.145,-115.76,182.76,-113.05,-77.989,538.98,1975.7,-78.482,81.58,4.1261,189.31,-383.54,313.31,-277.6,-661.66,780.1,529.82,179.74,-326.78,221.48,90.8,0.22037,521.53,-461.15,184.8,279.67,-106.9,435.63,737.98,351.1,-583.38,97.699,-12.294,-270.05,97.227,879.37,-144.49,631.98,-789.18,42.787,6.3026,16.851,140.7,-52.602,227.6,86.47,279.16,334.15,-18.593,658.11,177.4,-238.85,-29.531,-279.21,-611.9,305.13,-484.16,790.83,-567.89,728.9,350.36,-86.494,112.27,464.16,-596.71,240.22
237.38,-318.18,457.79,-118.02,-162.77,435.15,-247.14,-473.58,-330.41,-928.56,621.84,-64.589,311.81,894,116.43,-888.06,-619.69,-20.851,-171.46,-642.89,-456.45,834.6,-513.79,469.48,-465.21,48.459,252.14,-39.273,1015.8,-239.24,-865.83,-189.3,-274.2,61.194,522.81,-103.27,129.83,285.51,-638.19,-180.97,-78.482,2682.4,-496.76,537.3,-540.16,-149.74,95.284,74.501,-44.885,-4.9234,-34.297,639.54,409.77,-926.47,-218.38,-406.21,-43.43,401.68,-2.5281,321.5,-162.33,-173.27,-551.92,-11.765,253.57,442.57,225.58,691.15,176.68,543.84,-262.35,-351.65,-186.86,307.08,-300.46,-357.08,-8.8185,-177.53,-14.487,-187.06,-82.333,423.79,-156.68,293.98,-592.83,-394.77,79.512,73.291,1134.1,-302.35,-151.76,96.634,522.02,289.78,-249.3,-730.59,-716.2,416.97,97.813,-421.61
-471.54,87.419,-510.72,456.93,-186.16,-413.37,197.75,401.78,60.601,-198.69,243.64,-294.16,501.05,-252.44,-68.23,-76.265,158.86,-398.05,-187.6,321.67,-84.335,-303.49,-276.03,-136.98,295.37,-177.43,13.972,417.25,-627.22,410.35,-57.653,-31.416,670.12,148.38,312.76,358.94,153.41,-82.176,393.74,-509.95,81.58,-496.76,1693.7,106.27,-646.52,421.58,295.89,349.32,251.29,-119.37,-16.611,359.82,-34.455,579.37,147.99,18.534,-183.05,-366.32,28.773,36.609,730.82,174.44,-159.3,609.72,-154.9,-632.54,85.148,9.8548,-310.68,-261,294.71,84.098,-634.21,28.491,-80.804,-95.69,-105.38,-150.67,-534.76,261.4,587.15,48.797,780.94,30.383,581.27,-41.131,-288.37,-173.35,19.479,219.02,-803.31,234.49,-63.99,-508.87,592.11,173.8,-250.4,-644.86,285.41,-582.68
189.47,355.7,-394.23,638.88,96.685,-282.42,-29.504,-226.22,-304.36,-25.764,51.046,-499.77,445.89,503.8,217.72,-8.1784,-309.34,-139.51,-67.412,-474.31,576.25,235.89,-528.23,-245.42,-44.049,-253.39,10.614,95.914,-89.216,-220.45,-717.19,-279.62,427.89,-40.036,195.76,-92.951,-469.94,-92.794,-677.9,420.04,4.1261,537.3,106.27,1425.5,76.687,232.2,-2.1566,635.04,252.27,-511.63,362.93,-3.4413,-757.16,84.428,-499.02,-399.26,-441.28,164.72,492.39,532.78,-362.39,450.33,-95.829,-127.6,116.87,-250.73,82.766,226.57,-533.66,53.953,193.72,88.296,184.02,209.83,-280.32,-126.95,346.36,-854.28,-110.2,-72.045,224.13,758.19,246.77,90.025,317.92,-18.378,-403.06,481.56,-192.45,-155.44,76.166,134.11,662.11,-52.438,455.6,-56.714,-18.811,472.36,-336.28,-75.076
495.27,133.03,-78.468,-165.76,-77.101,-43.043,16.926,-318.2,-430.35,664.29,-364.33,695.26,-493.43,-367.22,-291.89,362.99,-217.6,378.18,41.534,-337.26,682.3,222.87,-26.143,-148.44,173.83,-67.812,118.91,-27.403,-75.053,-308.87,-151.31,-214.6,-87.034,-201.78,-305.88,-174.61,-401.22,-62.605,-398.5,299.33,189.31,-540.16,-646.52,76.687,1630.9,-110.71,-744.24,-199.38,57.711,246.07,285.36,-324.94,46.405,440.96,326.55,216.65,109.78,-442.12,-362.88,101.5,-650.07,561.07,841.85,36.159,-277.06,-257.29,-361.92,-137.98,253.18,418.64,-2.6554,560.19,128,-287.09,34.284,-48.542,394.88,-68.365,407.52,49.732,-182.36,306.59,-738.08,-329.54,-538.21,59.383,-418.66,-2.3428,-432.69,-76.949,719.45,237.76,117.2,-1.3897,-247.83,523.81,671.62,666.33,120.34,528.24
-348.32,622.12,-197.07,192.17,-249.87,-878.32,609.92,-78.271,-742.21,68.802,-244.33,366.69,-54.054,-693.95,50.813,625.47,-41.08,44.119,119.12,-109.1,805.96,422.91,63.059,-375.5,-362.35,-635.95,789.08,-78.714,-251.23,445.3,-58.499,-259.06,211.95,17.65,201.57,815.43,287.5,-153.88,-158.72,-781,-383.54,-149.74,421.58,232.2,-110.71,2528.1,-511.06,109.92,401.74,-238.73,211.97,209.43,-71.378,-492.37,38.106,-451.94,437.18,-1009.5,819.03,-56.577,-283.39,-304.72,-255.12,-127.93,-374.47,667.21,-444.04,1011.4,-968.17,-77.298,86.819,249.38,546.53,20.808,285.28,-195.67,2.3208,103.51,-659.78,147.22,58.352,208.39,-190.75,-223.21,322.16,-49.361,75.566,-480.6,258.22,-32.264,-686.48,-697.73,3.5553,-758.4,-390.62,713.82,-108.93,-165.93,-380.01,-650.94
-225.06,-602.65,411.09,40.252,271.55,-42.462,-257.51,-182.24,-412.23,-245.37,62.797,-438.48,17.448,392.23,260.95,-853.16,974.15,113.52,-325.17,893.17,-180.26,-126.14,163.7,0.81109,-264,118.56,-646.68,-392.91,623.24,-193.04,-12.083,457.64,-5.5892,472.06,-573.49,-267.2,357.59,-52.337,620.36,588.48,313.31,95.284,295.89,-2.1566,-744.24,-511.06,2126.3,1370.9,41.183,296.33,-296.53,-17.814,-238.21,-275.48,-150.54,270.09,32.264,302.45,17.737,-569.02,-22.314,278.99,-23.411,190.76,-227.61,413.54,192.66,70.53,-434.39,4.5969,122.4,256.27,-260.23,200.38,-621.48,-15.084,-275.65,-4.3205,-635.23,521.21,401.33,-265.13,842.65,76.836,510.98,269.25,537.59,305.02,-363.31,429.47,-84.282,297.66,398.65,295.42,394.77,-450.48,-102.13,235,-358.37,-515.42
206.11,-399.06,365.36,85.181,-154.97,49.457,-388.4,-82.41,-522.63,107.37,-379.32,-131.27,-397.02,126.59,-799.15,55.87,457.17,-260.04,-195.31,297.28,-50.794,816.17,-592.95,-417.52,-680.36,-380.11,-356.26,-218.12,389.83,840.89,-80.56,842.92,1457.4,-95.816,-1197.7,-525.9,-237.29,268.49,123.82,638.89,-277.6,74.501,349.32,635.04,-199.38,109.92,1370.9,3929.6,-237.14,123.44,-942.47,-647.46,-580.51,415.58,184.31,-42.338,-722.29,206.14,611.84,-685.89,-907.5,-16.421,-10.977,382.85,-158.19,656.7,-270.16,-261.4,-1073.3,-143.82,143.33,-563.08,-10.538,291.86,-697.4,-69.069,439.25,96.727,-359.17,716.47,599.97,226.6,145.97,242.21,322.79,384.54,-416.76,-326.75,313.87,522.41,382.88,167.79,827.93,4.0997,470.48,243.7,-430.72,573.21,179.2,-277.65
-101.9,-36.017,561.95,319.31,-633.13,-288.05,243.4,-48.541,-351.47,332.32,-308.08,589.91,8.3163,633.8,-67.398,-302.88,651.7,732.76,-144.54,-440.19,237.33,-483.57,-159.68,-428.79,107.65,18.648,-435,354.98,-278.47,-79.832,-223.99,268.29,-194.33,-593.43,644.56,148.71,177.23,-651.34,-2.7848,-423.28,-661.66,-44.885,251.29,252.27,57.711,401.74,41.183,-237.14,2350.3,-298.92,127.37,766.29,-9.1936,-47.629,-173.9,285.17,-265.53,616.43,-105.67,-707.05,-254.86,846.22,109.83,9.2626,100.27,-245.1,-361.1,908.38,306.29,145.06,340.87,318.02,-65.421,827.87,-506.14,339.2,-582.46,-484.62,-798.59,-92.997,-221.5,432.64,655.79,-857.88,-579.29,138.45,-34.622,543.87,-549.49,-82.23,239.05,51.869,395.1,-664.15,-365.25,255.81,44.535,-363.61,231.55,-524.86
-101.29,-379.26,-373.25,-999.79,-111.08,-628.47,97.488,1.3762,-222.93,320.36,-121.85,554.03,-208.56,-934.4,-65.362,-40.509,227.19,293.66,-333.97,644.51,-271.73,238.55,463.43,440.98,-450.89,-33.383,-224.31,570.53,417.86,71.53,-798.53,-122.14,-85.911,7.1387,109.24,-491.61,390.31,506.24,94.005,198.97,780.1,-4.9234,-119.37,-511.63,246.07,-238.73,296.33,123.44,-298.92,1825.7,179.07,-129.33,88.797,-226.46,268,64.805,454.48,-284,-91.043,-794.43,190.62,-142.6,209.38,415.27,193.19,572.01,89.482,-81.577,37.648,697.89,94.443,27.345,-642.7,-141.9,-412.09,-46.753,-402.14,177.07,519.9,742.86,266.58,-391.73,-133.5,-311.27,-524.47,-167.29,-108.69,-475.91,-36.97,259.61,-233.23,565.95,-365.65,649.13,27.986,11.834,-164.19,256.77,-194.29,82.389
278.71,1246.3,-638.46,-518.99,51.776,-118.84,542.35,-43.4,33.861,413.53,-11.328,210.85,453.21,-94.46,482.99,-507.45,334.7,-328.87,-460.54,-396.31,521.81,65.747,-260.35,104.43,-7.5023,195.89,-137.07,582.75,703.37,-77.224,-805.07,-734.66,-201.01,176.45,198,19.308,418.52,-335.24,-151.13,222.89,529.82,-34.297,-16.611,362.93,285.36,211.97,-296.53,-942.47,127.37,179.07,2068.1,552.73,109.62,50.956,118.13,78.386,835.55,305.75,962.34,862.34,64.998,128.75,178.58,-230.06,-582.98,-80.086,25.94,-310.49,-178.15,111.37,607.13,646.95,230.58,-566.76,-345.64,241.34,-203.56,-153.7,90.429,-236.17,220.34,372.29,514.19,22.757,-177.71,82.898,25.253,-105.27,-372.16,-327.64,-19.094,149.51,-470.94,-480.98,-59.87,-254.88,398.31,-237.7,-426.49,-133.46
-781.99,-98.691,-228.2,-162.25,545.63,-120.04,-494.62,-574.92,-236.41,-206.88,419.1,-500.7,-372.63,-148.83,-338.73,-743.05,53.407,305.42,40.057,-4.4848,-316.14,284.44,-473.68,734.73,238.03,360.18,31.506,1031.2,298.93,350.07,195.93,-134.27,-289.94,-4.3901,609.37,-112.4,329.01,-776.48,-275.94,-732.52,179.74,639.54,359.82,-3.4413,-324.94,209.43,-17.814,-647.46,766.29,-129.33,552.73,2672.4,-380.52,-305.6,468.89,577.62,761.62,235.63,162.93,608.86,553.14,578.9,95.149,-300.33,-601.69,474.2,-129.86,460.59,556.54,826.24,-255.54,-163.47,137.89,1201.5,114.72,320.63,-316.35,285.69,-644.67,-365.98,-201.53,328.48,640.28,-560.4,144.58,-322.89,-662.31,-78.233,-226.14,117.64,-88.738,120.8,237.56,-585.72,-49.536,369.82,-68.227,-673.21,275.92,-40.048
716.02,30.81,164.48,77.12,-459.07,863.44,730.24,385.33,-600.69,-782.24,298.75,899.04,119.69,379.1,28.826,-741.35,-52.209,-257.76,-622.62,210.75,-564.83,595.71,11.87,-194.02,797.83,266.83,-127.28,68.67,-400.42,-436.1,159.55,443.19,-350.59,691.65,-180.55,436.27,214.22,139.75,305.09,-148.78,-326.78,409.77,-34.455,-757.16,46.405,-71.378,-238.21,-580.51,-9.1936,88.797,109.62,-380.52,3123.4,-383.32,672.76,-613.83,-35.662,-420.39,-156.71,-497.4,331.63,-47.259,64.353,866.2,56.65,-547.83,-322.05,-342.87,-52.54,418.89,-738.95,297.63,-284.64,-1413.8,-478.68,251.42,-503.83,529.55,-335.86,-144.75,593.94,0.73381,-264.89,-433.52,-888.3,-378.94,149.98,-280.35,758.68,14.964,192.73,-526.08,-634.27,-686.9,-845.81,-349.07,-195.69,-45.892,696.68,-446.47
339.49,563.34,-3.2191,420.36,-138.75,139.13,37.074,183,623.02,777.11,-174.63,-47.938,177.38,494.32,-563.42,300.09,-81.275,-305.94,-36.552,-153.24,-173.86,-412.04,-793.75,-342.12,892.67,-162.27,-394.88,-364.97,-238.7,188.87,-116.16,20.752,735.55,-577.28,-187.72,48.271,-452.17,304.37,258.66,203.07,221.48,-926.47,579.37,84.428,440.96,-492.37,-275.48,415.58,-47.629,-226.46,50.956,-305.6,-383.32,2579.2,329.34,881.89,-803.32,-10.47,-687.03,708.72,321.77,162.95,-155.79,347.48,-1068.9,-291.96,-72.052,-459.26,-129.02,-454.62,907.37,127.87,-602.46,-240.31,162.31,-487.87,-120.39,368,56.143,211.17,-281.97,237.39,-581.64,157.05,-172.44,-184.12,-493.59,-531.36,-488.51,234.14,318.03,1186.5,-615.62,-197.2,239.69,493.33,27.317,-397.32,379.98,252.73
