4.7767,0.22477,0.13387,0.92385,0.59869,0.39072,-0.1745,-0.01456,-0.38482,-0.77698,0.40497,0.53079,1.2866,-0.49046,0.30967,-0.092947,-0.087505,0.30311,0.11534,-0.21206,0.80573,-0.049673,0.46853,-0.47378,-0.1071,0.1669,-0.44771,-0.73451,-0.24301,-0.12177,-0.28854,1.0761,-0.51689,0.58078,0.66147,0.40391,-0.43117,-0.12099,-0.76309,0.21291,-0.13807,-0.1361,-0.71903,0.47018,0.49478,0.45857,-0.065775,-0.01772,-0.65528,-0.6512,-0.15226,0.34371,-0.23265,-0.073747,0.24486,0.23931,-0.2231,-0.063394,0.60209,-0.19826,-0.033145,0.0064445,0.43994,0.076436,-0.64785,-0.13956,-0.59073,-0.039164,0.29753,0.42162,0.57965,-0.31946,-0.46085,-0.76189,0.030953,-0.17719,0.46869,0.088283,0.012883,-0.3313,-0.063296,-0.070417,-0.60026,0.51427,0.065864,-0.4821,-0.86981,0.19,0.76345,0.36013,-1.3768,0.46705,-0.43945,0.46088,-0.30639,-0.59402,-0.070916,0.10019,0.34334,-0.24463
0.22477,3.8732,-0.061747,0.31646,0.83339,-0.28574,0.032885,-0.081942,0.067724,0.19268,-0.10419,0.43532,-0.0086532,-0.48771,-0.37424,0.42121,0.73161,-0.39425,0.25924,0.2008,-0.51654,0.060713,-0.49214,-0.025803,-0.47778,0.78368,0.31066,0.52978,0.2851,0.33605,-0.24001,0.20967,0.63173,0.11434,0.62813,-0.28249,-0.31904,0.33631,0.023455,0.094855,-0.27486,-0.84076,0.52576,-0.062767,0.41897,0.18439,-0.38282,0.10327,-0.43885,-0.88279,0.34864,0.59331,0.48343,0.1043,0.52985,-0.0083533,1.0887,-1.0095,-0.39803,-0.44311,-0.15802,-0.095625,-0.28596,0.109,0.52643,0.32048,-0.6933,-0.44669,-0.74965,0.87577,-0.35137,0.75089,0.2585,0.2037,0.13519,-0.28446,-0.31195,-0.30148,0.15679,0.54124,-0.5139,-0.27338,-0.38229,0.38721,0.50356,0.43446,-0.19611,-0.44243,-0.38692,-0.24106,-0.099665,0.63444,-0.039025,0.42419,0.29102,0.013818,-0.14713,-0.082171,0.82434,-0.68032
0.13387,-0.061747,4.9322,-0.22718,0.073464,-0.12319,0.57239,-0.06337,0.1802,0.46079,-0.21643,0.66553,0.48387,0.20554,-0.5334,-0.14072,0.58092,1.2191,0.28697,0.052149,0.22713,0.11779,-0.077951,-0.25691,-0.16768,-0.28256,0.44289,-0.23857,0.0023685,0.35145,-0.39859,0.15308,0.26647,-0.21391,0.50254,0.45642,-0.42569,-0.37475,-0.38449,-0.21167,0.14903,0.67123,-0.62727,-0.71034,-0.13979,-0.69343,1.0567,-0.049847,-0.17027,-0.25507,0.42939,-0.062737,0.11849,0.015557,0.63786,-0.053792,-0.31784,-0.95919,-0.32113,0.29889,0.24846,-0.58297,0.62663,0.2001,0.7633,-0.18202,0.33713,-0.071235,-0.20615,-0.33754,-0.10084,0.024619,0.28141,0.22122,0.025201,0.93885,0.45565,0.079932,0.69051,-0.0065719,-0.31295,-0.68857,1.6484,0.53434,-0.28987,-0.75035,-0.42298,0.25833,0.26247,0.49931,0.50975,0.42953,1.197,0.19219,-0.35956,-0.62788,0.051089,-0.24368,-0.20011,-0.16227
0.92385,0.31646,-0.22718,5.302,0.67357,-0.1815,0.21772,-0.11111,0.74179,0.22182,0.30274,0.17371,-0.40226,0.6323,0.12246,0.68935,0.84421,0.29562,-0.20618,0.21581,-0.32687,-0.42716,0.61922,0.90856,0.31866,-0.38689,-0.13576,-0.18234,-0.84774,0.18663,-0.044187,0.46466,0.83177,-0.085208,0.14927,0.071664,-0.147,-1.0598,-0.1315,0.42246,-0.34912,-0.48416,-0.7004,-0.10328,-0.35933,-0.2972,-0.60401,0.97221,0.0095721,-0.22036,-0.21966,0.32584,0.49444,-0.22291,-0.30989,0.63313,-0.072889,0.68031,-0.47759,-0.075604,-0.69734,0.4533,0.34988,0.27858,-0.10113,-1.4174,-0.79059,-0.56704,-0.048662,0.91975,0.41623,-0.21632,-0.031337,-0.18611,-0.56301,0.21736,0.37423,-0.23584,-1.0271,-0.12934,0.33846,0.30624,0.4345,-0.23908,0.40687,-0.39203,0.80491,-0.31207,-0.43007,0.080591,-0.41251,0.025233,0.030582,0.22671,-0.32931,-0.19695,0.049586,0.21384,0.42097,0.5495
0.59869,0.83339,0.073464,0.67357,4.4094,0.038916,0.54751,0.52734,0.51538,-0.32077,-0.46837,0.6167,0.17292,0.34342,-0.81404,0.80333,-0.13475,-0.60852,-0.67385,0.55432,-0.35653,-0.6356,-0.16886,0.0514,0.1693,0.16065,0.42466,-0.9412,-0.52274,-0.49521,-0.0077542,-0.49879,-0.36469,0.54445,0.38914,-0.1115,0.2798,0.16625,-0.3812,-0.16834,-0.15625,0.14495,-0.13142,-0.28192,0.20471,0.40126,-0.67399,0.10448,-0.38177,-0.20562,-0.12254,-0.28844,-0.4315,0.090655,0.40033,-0.68942,-0.48823,-0.25203,-0.51509,-0.20378,0.59493,0.66292,-0.28701,-0.26378,1.2273,0.14964,-0.39328,-0.0042013,0.61229,-0.35214,-0.47981,0.56397,-0.67781,-0.55618,0.006966,0.067595,-0.17704,-0.43398,0.11838,0.043015,-0.071895,-0.32834,0.43691,0.86322,0.24077,0.023952,0.20641,-0.54018,-0.6747,-0.33402,-0.93415,-0.4622,0.033693,-0.30385,0.26241,-0.06794,-0.6574,0.36914,0.30435,-0.082876
0.39072,-0.28574,-0.12319,-0.1815,0.038916,5.2879,-0.28338,-0.023744,-0.84147,0.52513,0.36839,0.15498,0.22296,-0.27669,-0.14064,-0.54254,0.51334,-0.69753,-0.27896,0.23022,0.25135,-0.003589,-0.48244,-0.13691,-0.64687,-0.031329,-0.54078,0.6101,-0.37144,0.072864,0.90185,0.18496,-0.36806,-1.0609,0.40189,0.039349,0.090764,-0.051677,-0.061425,-0.50446,-0.14428,0.55765,-0.84897,-0.038546,0.075819,-0.10237,-0.24834,-0.046941,-1.1239,0.0050519,-0.43159,0.70775,-0.24308,-0.20313,0.46076,1.0021,-0.57881,0.27275,1.0148,-0.49769,-0.23366,0.79249,-0.013739,-0.19391,1.042,-0.11885,0.4645,0.2825,0.62233,-0.61334,-0.4893,-0.65072,0.56264,0.33126,-0.20826,0.25497,-0.68877,0.42387,-0.55479,0.56547,-1.0467,0.22649,-0.42065,-0.43222,-0.45798,-0.64859,0.21674,-0.24521,-0.38045,-0.25371,-0.21108,0.059452,-0.052161,0.45709,0.42505,-0.35378,-0.17229,0.2965,-0.27565,0.18163
-0.1745,0.032885,0.57239,0.21772,0.54751,-0.28338,5.1698,0.75852,-0.24088,0.84312,0.23837,0.097726,-0.31724,0.065502,0.13874,1.042,0.45831,-0.18346,-0.23135,-0.6784,-0.82805,0.57751,-0.0099692,-0.31619,0.75235,0.64721,0.097082,-0.024583,0.52464,0.50204,0.023535,-0.31734,-0.072629,-0.89484,0.061798,-0.5939,-0.43359,0.26158,-0.50432,-0.87253,-0.49584,0.24158,0.15757,-0.3628,0.3658,-0.020991,-0.22518,0.23307,0.2179,-0.22003,-0.43099,0.2092,0.1935,0.67363,0.2231,-0.45415,-0.48289,0.25749,0.55475,0.34209,0.094669,-0.23062,-0.12659,-0.86768,-0.049958,-0.70625,0.42657,0.29444,-0.45785,-0.95962,0.79114,-0.49991,0.24318,-0.41825,-0.77246,-0.45467,-0.48654,-0.94506,0.13627,-0.36433,0.75113,-0.40285,0.44306,0.505,0.29144,-0.22945,0.10871,0.52919,0.27101,0.87728,-0.36423,-0.36207,0.033012,0.050551,0.24394,-0.14562,0.88061,0.073489,0.79119,-0.21292
-0.01456,-0.081942,-0.06337,-0.11111,0.52734,-0.023744,0.75852,4.5033,-0.15355,-0.23217,0.064242,-0.0093091,-0.60935,0.024751,-0.15861,0.046062,0.21884,0.013732,-0.64483,-0.78689,-0.28042,-0.06835,0.63953,0.59955,1.148,0.68792,0.56354,-0.1799,-0.12086,0.59461,-0.52038,0.68479,-0.28342,0.19,0.052003,-0.048501,-0.12411,0.78226,0.80884,-0.69266,-0.109,-0.18902,-0.16562,0.096977,-0.29439,-0.39139,-0.26129,-0.094065,-0.33757,-0.36089,0.31474,-0.045802,-0.59684,-0.16216,0.073077,0.075611,0.35352,-0.082974,-0.062749,-0.4688,1.7633,0.8969,1.1396,-0.022083,-0.2006,-0.51681,0.018776,1.115,-0.46644,-0.35147,-0.21944,-0.56151,-0.091946,-0.11838,0.33415,0.058766,0.20331,0.16153,0.063467,0.32656,-0.32933,-0.55729,-0.27129,0.17255,-0.42737,0.2509,0.32671,-0.44023,-0.020075,0.42846,0.27456,-0.051344,-0.39042,0.40203,-0.28358,0.80314,0.028811,0.25548,-0.79571,0.079282
-0.38482,0.067724,0.1802,0.74179,0.51538,-0.84147,-0.24088,-0.15355,5.7868,0.5729,-0.044696,0.067998,-0.51222,0.06654,-0.30045,0.12329,-0.056831,-0.086229,0.70106,-0.1826,0.31375,0.12807,0.75484,-0.0015544,0.91145,-0.46159,0.27878,0.16912,-0.18992,-0.46833,-0.17584,-0.29688,0.38317,0.36711,-1.2239,0.31066,-0.29413,0.672,-0.00043508,0.10236,-0.86367,-0.23019,-0.54428,0.97603,1.7137,0.15585,-0.40925,0.28859,-0.47451,0.11483,0.28042,-0.49647,0.35278,-0.93238,0.45014,-0.31431,-0.64272,0.29415,0.35985,-0.15614,-0.18684,0.18705,-0.23535,0.31041,0.094214,-0.51856,0.13726,-0.55583,0.37482,0.0025259,-0.92243,0.33713,-0.52612,0.56314,0.44134,-0.22802,-0.76739,0.16751,-0.45143,0.4532,0.019601,-0.55017,0.71562,0.085938,0.41912,0.20194,-0.39847,0.62757,0.3943,-0.23097,0.48149,0.19122,0.22147,0.068366,-0.31696,-0.29604,-0.19008,-0.62582,-0.22751,0.20762
-0.77698,0.19268,0.46079,0.22182,-0.32077,0.52513,0.84312,-0.23217,0.5729,3.6808,0.41305,0.11795,-0.5551,-0.018767,-0.61936,0.24075,0.49996,-0.44824,-0.70935,0.36479,0.21021,-0.22563,-0.0040006,-0.29133,-0.44712,-0.10003,-0.36435,0.76971,0.46537,0.21847,-0.54806,-0.3468,0.028558,0.076216,-0.023444,0.35431,-0.7479,0.4324,-0.72511,-0.7292,0.15036,0.063175,-0.91662,0.54958,0.53093,-0.23373,-0.29062,0.34802,0.077013,0.52713,0.24795,0.091023,0.30642,0.31503,-0.097866,0.69535,0.23297,-0.19804,-0.27631,0.86314,-0.90649,-0.10049,-0.05452,0.2385,0.027767,-0.13394,0.12879,0.34212,-0.4545,-0.066394,0.58586,-0.018113,0.22911,0.1471,-0.65793,0.12931,-0.49033,-0.84861,0.1353,0.78728,0.2279,0.010457,0.38375,-0.16195,-0.20737,0.24437,0.27066,0.41716,0.062387,-0.26419,0.35151,-0.056465,-0.16508,0.19234,0.37943,0.11174,-0.096229,0.37971,-0.98288,-0.37081
0.40497,-0.10419,-0.21643,0.30274,-0.46837,0.36839,0.23837,0.064242,-0.044696,0.41305,5.0108,0.13343,0.24111,0.3482,0.66104,-0.69203,0.73672,-0.099665,-0.39989,-0.25161,0.6145,0.63124,0.11546,0.47584,-0.43879,0.27327,-0.15312,-0.22586,1.4194,0.19035,0.03273,-0.11786,-0.023437,0.74689,0.16618,0.11976,0.39829,-0.42884,0.31321,-0.95878,-0.77185,-0.71786,-0.35829,-0.31632,-0.10388,0.65168,0.084712,0.041637,0.089697,-0.46554,-0.65924,0.15573,0.6251,-0.824,-0.32771,-1.286,0.79026,0.21254,0.24868,0.4209,-0.033635,-0.16334,0.23464,0.48472,-0.49694,-0.2933,0.14016,-0.68896,0.44711,-0.41008,0.40511,-0.8662,0.031021,0.17798,0.081596,-0.039637,-0.56202,-0.81173,0.6086,0.26674,-0.71867,-0.27041,-0.04992,-0.19039,-0.036802,-0.36546,0.52124,0.38313,-0.34659,-0.4303,-0.050283,-0.34222,-0.16069,-0.30146,-0.6917,-0.54824,-0.69325,0.086415,-0.54506,-0.17985
0.53079,0.43532,0.66553,0.17371,0.6167,0.15498,0.097726,-0.0093091,0.067998,0.11795,0.13343,3.5236,0.097286,0.071055,-0.026176,0.090695,-0.041396,0.62526,-0.28269,0.28904,0.043142,0.62524,-0.25285,0.60569,-0.15048,-0.055749,0.15442,-1.1035,0.30138,-0.81711,0.13949,0.080474,-0.41308,0.17575,0.26748,0.42178,-0.45462,0.17623,-0.1185,-0.28465,0.071429,0.074211,-0.27092,-0.50219,0.62849,-0.4615,-0.67767,0.29356,0.13962,0.3318,-0.27163,-0.032088,-0.43266,-0.3167,-0.24125,-0.25552,0.35355,0.015019,0.38255,-0.45702,-1.2857,0.29194,0.65897,-0.41887,0.2493,0.30116,0.45524,-0.14141,0.0033239,0.082295,-0.25569,0.32173,0.055779,0.63761,0.73507,-0.15887,1.0559,-0.4086,0.8558,0.83255,-0.38989,-0.28378,0.066759,-0.082808,-0.16956,-0.13097,0.075347,0.053324,-0.041003,0.50752,0.22401,0.51002,-0.057112,0.3247,0.70707,0.21998,0.19937,0.77094,0.77975,-0.25813
1.2866,-0.0086532,0.48387,-0.40226,0.17292,0.22296,-0.31724,-0.60935,-0.51222,-0.5551,0.24111,0.097286,5.822,0.32482,-1.173,-0.51768,-0.1974,-0.314,0.48046,-0.23423,0.33573,0.67809,0.28772,0.27687,0.14317,-0.61305,0.15738,0.50193,-0.041793,0.02056,0.072116,0.14635,0.38062,-0.47254,-0.0066509,0.18009,-0.30006,0.56137,0.20355,-1.0514,-0.71989,0.61828,0.15381,0.39174,-0.73178,0.42279,0.20155,-1.053,0.18219,-0.60453,0.12255,0.094935,-0.4706,-0.25901,-1.0065,-0.18975,-0.023054,-0.41036,-0.43099,-0.28062,-0.74831,0.12479,0.4224,0.18714,0.31518,-0.33317,0.1791,-0.57005,-0.146,0.069116,0.078137,0.13523,-0.59039,-0.5437,-0.26036,-0.043976,-0.43685,0.083474,0.51989,-0.93964,0.27326,0.049467,0.66865,-0.10802,0.13395,-0.042052,-0.78088,-0.78424,0.76119,-0.89956,-0.061187,0.088165,-0.90416,-0.076878,0.45518,-0.3323,0.055657,0.47242,0.56444,0.081404
-0.49046,-0.48771,0.20554,0.6323,0.34342,-0.27669,0.065502,0.024751,0.06654,-0.018767,0.3482,0.071055,0.32482,5.1284,0.052228,-0.46296,-0.26066,-0.51496,-0.67549,0.013368,0.16389,0.79967,-0.30757,0.22257,0.22653,0.16695,-0.13464,-0.12373,0.094428,-0.019218,-0.12764,0.19318,0.45597,-0.063319,-0.49349,-0.32347,-0.42815,-0.49371,-0.33042,-0.12689,0.087514,0.2111,-0.13732,-0.5158,-1.3037,-0.34366,-0.895,-0.14807,0.036018,0.50153,0.44636,0.6436,-0.19222,-0.61392,-0.40173,-0.76925,0.64138,0.11032,0.82313,0.34595,-0.20848,0.44549,-1.2918,1.1423,0.17838,-0.52288,-0.14019,0.31613,0.41396,-0.036024,-0.5839,0.77582,-0.36746,-0.20336,0.013474,-0.011736,0.51847,0.20028,-0.76933,-0.65082,-0.37402,0.2647,1.0441,0.30615,-0.54602,0.53093,-0.30024,-0.24761,0.19283,0.82857,-0.14141,-0.25558,0.51537,-0.53425,0.063095,-0.083048,0.42382,0.21246,-0.66489,-0.75573
0.30967,-0.37424,-0.5334,0.12246,-0.81404,-0.14064,0.13874,-0.15861,-0.30045,-0.61936,0.66104,-0.026176,-1.173,0.052228,4.6438,-0.41244,-0.31393,-0.060189,0.62141,0.72185,-0.42812,-0.25928,-0.26861,-0.43695,-0.62671,-0.3035,0.061807,-0.25613,0.35206,0.38051,1.0313,0.71813,-0.59776,0.64375,0.033954,0.0095087,0.30666,0.34152,-0.19422,-0.068052,-0.27066,0.49879,-0.81164,-0.63943,0.051589,-0.55578,-0.045941,0.9783,0.41045,-0.46038,0.018427,0.3315,-0.56921,0.088492,-0.33972,-0.53275,0.63463,-0.17476,0.79293,-0.099756,0.48217,-0.016519,0.47918,0.45671,-0.68172,-0.28972,0.2102,-0.11375,0.41486,0.61554,0.27269,0.42754,0.39013,-0.015038,0.27504,-0.54879,-0.77818,0.026544,-0.37381,-0.21951,-0.078721,-0.16381,-0.42811,0.43366,0.34142,0.0082526,0.097339,0.63278,0.49115,0.57999,0.29825,-0.49053,0.53967,-0.21685,0.029145,0.023085,0.49508,-0.41584,0.709,0.98099
-0.092947,0.42121,-0.14072,0.68935,0.80333,-0.54254,1.042,0.046062,0.12329,0.24075,-0.69203,0.090695,-0.51768,-0.46296,-0.41244,6.4178,-0.68754,-0.58391,0.67684,-0.53256,0.53526,-0.4322,0.56389,-0.0088186,-0.19506,-0.031822,-0.16686,-0.34968,0.85421,-0.76596,0.39737,-0.11083,-0.2285,-0.55079,-0.64547,-0.14104,-0.57734,-0.38091,0.66071,0.85362,-0.43995,-0.17732,-0.41062,0.28786,-0.81196,0.12077,-0.5656,0.23545,0.084951,0.2616,0.35057,1.2023,0.021657,0.24659,-0.15394,-0.078787,-0.19849,-0.22146,-0.18452,0.72855,-0.0038211,-0.25856,0.60178,-0.61552,0.2769,0.28412,0.73206,-0.49532,-0.54944,0.046967,0.22929,-0.35254,-0.31996,-1.083,0.05447,0.61115,0.041261,-0.054566,0.56409,0.17133,-0.37828,0.20887,-0.90936,0.11016,0.27812,0.16539,-0.067334,-0.47662,-0.65984,0.047511,-0.017629,0.23987,0.96051,-0.049456,0.51833,-0.45215,0.49584,-0.19511,-0.62349,0.59863
-0.087505,0.73161,0.58092,0.84421,-0.13475,0.51334,0.45831,0.21884,-0.056831,0.49996,0.73672,-0.041396,-0.1974,-0.26066,-0.31393,-0.68754,5.019,0.73232,0.63593,0.51406,-0.48827,0.065206,-0.47212,0.60212,0.68861,0.078451,0.7251,-0.20923,-0.52343,-0.034688,0.034267,-0.67569,-0.49617,-0.37782,0.018706,0.26727,-0.3329,-0.89808,0.35035,-0.54664,0.67696,-0.24545,-0.50229,-0.0051469,0.10322,-0.027824,-0.47374,-0.84411,0.096768,-0.014978,-0.14282,0.46478,0.6793,-0.22535,0.22383,0.20859,-0.012472,-0.13633,0.24272,-0.19917,0.71465,-0.50764,-0.073889,1.1549,-0.18059,0.56618,-0.20412,-0.38144,-0.41632,0.7609,-0.11698,-0.64866,0.79824,-0.74581,-0.90095,-0.89074,-0.5352,0.45737,0.34707,0.53526,0.35173,-0.34585,0.36818,-0.1528,-0.17946,0.30827,0.099388,-0.00121,-0.74556,-0.28916,-0.098502,-0.31939,-0.23616,0.72398,-0.098121,-0.40211,0.33132,0.26728,0.22393,-0.30789
0.30311,-0.39425,1.2191,0.29562,-0.60852,-0.69753,-0.18346,0.013732,-0.086229,-0.44824,-0.099665,0.62526,-0.314,-0.51496,-0.060189,-0.58391,0.73232,3.9645,-0.04869,0.32843,-0.56146,-0.59857,0.099394,-0.013744,0.53881,-0.19358,0.28164,-0.45065,-0.15932,0.11724,-0.67775,0.19764,-0.31614,-0.5665,0.134,0.4127,-0.33845,-0.64379,0.43232,-0.04706,0.57249,-0.62907,0.44483,-0.12662,0.43264,-0.35631,0.43303,-0.44189,0.63987,-0.034124,-0.2576,0.25531,0.18483,-0.40864,-0.027101,0.24021,-0.62308,-0.49631,0.55739,-0.10748,-0.34448,0.11447,-0.22832,-0.34115,-0.16094,-0.35876,0.61391,-0.26043,-0.24679,0.63841,0.53831,-0.20221,-0.13263,0.072485,1.4763,-0.42081,0.8416,-0.075922,0.33696,-0.46237,0.32155,-0.030742,-0.046833,0.38668,-0.38052,-0.92417,0.15742,0.34796,-0.30199,0.080318,0.51537,0.13153,0.16523,-0.2641,-0.3113,-0.36947,-0.38702,0.06547,-0.18514,0.30398
0.11534,0.25924,0.28697,-0.20618,-0.67385,-0.27896,-0.23135,-0.64483,0.70106,-0.70935,-0.39989,-0.28269,0.48046,-0.67549,0.62141,0.67684,0.63593,-0.04869,4.8672,-0.004579,0.023045,0.56912,-0.30481,0.099843,-0.11579,0.59498,-0.073985,0.4628,0.11838,-0.067982,0.60384,-0.14944,-0.51529,-0.040291,-0.95886,-0.032148,-0.49207,0.58085,0.049701,-0.10598,0.19099,0.50284,0.16653,-0.60122,0.051817,0.13145,0.83405,0.12595,0.7241,0.083357,0.15234,0.054958,0.38455,-1.0802,0.44602,0.36151,-0.44341,0.047342,0.61847,-0.38476,0.9724,-1.0849,0.4879,0.1581,0.0015002,-0.18934,-0.19219,-1.1264,0.43613,0.62663,-0.043677,-0.19223,-0.3165,-0.65306,0.14524,0.51491,-0.043568,-0.19444,-0.58317,-0.18756,-0.16214,0.090342,0.3157,-0.11474,0.20705,0.51991,0.50589,-0.58341,0.17295,0.17266,-0.22742,0.63607,-0.0039546,0.77493,1.0054,0.1194,0.086963,-0.45387,0.42658,0.090901
-0.21206,0.2008,0.052149,0.21581,0.55432,0.23022,-0.6784,-0.78689,-0.1826,0.36479,-0.25161,0.28904,-0.23423,0.013368,0.72185,-0.53256,0.51406,0.32843,-0.004579,4.6866,-0.27517,-0.85152,-1.1156,-0.069124,-0.52949,-0.38685,-0.60174,0.68413,-0.22419,-1.255,-0.88953,-0.34969,-0.48871,0.18139,-0.23243,0.38024,-0.43331,-0.45717,-0.18661,-0.70977,-0.37952,-0.27011,-0.77689,-0.54927,-0.046034,0.31517,-0.38298,0.80483,0.087321,-0.73022,-0.18426,0.12361,0.31521,1.1931,-0.49486,-0.15124,-0.016496,-0.49895,0.30196,-0.019017,0.45639,-0.34643,0.22707,-0.090356,0.10133,0.48211,-0.013741,-0.41377,0.31955,-0.11047,-0.33512,0.36492,-0.13385,0.26464,0.58428,0.030659,0.15389,0.14888,-0.48637,-0.31306,0.84397,-0.20499,0.42715,0.34811,-0.024079,0.13355,-0.36158,-0.51158,-0.37169,-0.28983,0.36986,-0.76457,-0.32455,-0.080847,0.43084,0.80858,0.031111,0.39436,-0.26982,0.53099
0.80573,-0.51654,0.22713,-0.32687,-0.35653,0.25135,-0.82805,-0.28042,0.31375,0.21021,0.6145,0.043142,0.33573,0.16389,-0.42812,0.53526,-0.48827,-0.56146,0.023045,-0.27517,4.7456,0.12386,-0.17025,0.27436,-0.42303,0.23749,-0.058092,-0.57024,-0.0038623,-0.46787,-0.19239,0.28773,0.098461,0.53391,0.3095,-0.17662,-0.47591,0.7993,0.67376,1.1403,0.26017,0.29883,-1.0704,-0.75438,0.13643,0.29108,-0.36608,-0.26524,-0.40426,0.29952,0.45709,0.26039,0.79036,-0.2472,-0.78047,-0.40386,-0.3316,-0.45055,0.10178,0.29062,-0.25439,-0.49077,0.17097,-0.21933,0.2736,-0.4282,-0.2373,-0.12729,0.012191,-0.63238,0.5822,-1.0702,0.48642,0.11574,-0.1587,-0.38847,0.47444,0.59935,-0.084607,0.13042,0.10851,-0.12146,-0.11108,-0.30296,-0.1757,0.37608,-0.48401,0.37019,0.55678,-0.54219,-0.40425,-0.70002,0.51134,0.51964,-0.14259,0.70524,-0.49172,-0.75747,-0.70552,-0.84624
-0.049673,0.060713,0.11779,-0.42716,-0.6356,-0.003589,0.57751,-0.06835,0.12807,-0.22563,0.63124,0.62524,0.67809,0.79967,-0.25928,-0.4322,0.065206,-0.59857,0.56912,-0.85152,0.12386,4.5189,-0.36704,-0.015582,-0.097429,-0.042998,0.31711,-0.31807,-0.094202,-0.083712,0.37982,0.75623,0.84164,-0.26942,0.027009,-0.097201,-0.58513,-0.11654,0.044669,-0.22506,0.046786,0.96385,0.17046,0.44135,-0.026093,0.60871,-0.75511,0.05834,0.064673,-0.52397,-0.76995,-0.29281,0.58157,-0.072309,0.52529,-0.49825,0.38656,-0.2266,0.81409,-0.3022,0.26511,0.18022,-0.15431,-0.22265,-0.79845,0.48726,0.12825,-0.2849,0.14396,-0.55405,-0.57594,-0.076771,-0.27256,-0.026853,-0.30552,0.51648,1.3028,-0.40262,0.0071198,0.78025,0.12483,0.38584,0.2419,-1.0036,0.41159,0.50649,0.62045,0.35142,0.16077,-0.062853,0.65744,0.39126,0.11817,0.10873,-0.054797,-0.091333,0.94355,-0.058062,0.50892,-0.50096
0.46853,-0.49214,-0.077951,0.61922,-0.16886,-0.48244,-0.0099692,0.63953,0.75484,-0.0040006,0.11546,-0.25285,0.28772,-0.30757,-0.26861,0.56389,-0.47212,0.099394,-0.30481,-1.1156,-0.17025,-0.36704,4.5777,0.62276,0.48123,-0.90768,0.23635,-0.25181,0.64947,0.4689,0.35316,0.09868,0.15754,-0.11621,-0.99027,-0.0049174,0.15745,-0.50431,0.16959,0.49968,0.54201,-0.46292,-0.5414,0.57012,0.36569,-0.24537,0.70419,0.34741,0.14625,-0.26412,0.32425,0.11867,-0.12964,0.0045666,0.64183,0.4665,0.77772,-0.12456,0.66139,-0.45517,-0.41742,0.5166,0.96773,0.26904,-0.43489,0.48844,-0.26774,0.7627,0.12565,-0.88859,0.18098,0.21609,0.2814,0.16404,-0.37304,0.066262,-0.24102,-0.46736,0.093494,-0.62816,0.59481,0.27114,0.058627,-0.066462,-0.21869,-0.37138,-0.34065,-0.80775,0.16612,-0.16038,0.093764,-0.24513,-0.6322,-0.23997,0.36743,-0.84149,-1.0577,-0.57164,-0.045607,-0.22971
-0.47378,-0.025803,-0.25691,0.90856,0.0514,-0.13691,-0.31619,0.59955,-0.0015544,-0.29133,0.47584,0.60569,0.27687,0.22257,-0.43695,-0.0088186,0.60212,-0.013744,0.099843,-0.069124,0.27436,-0.015582,0.62276,4.6444,-0.20371,-0.76522,0.54045,-0.15966,0.4689,0.023873,0.19444,-0.52867,-0.50161,-0.2502,-0.11174,-0.57506,1.0225,-0.067413,0.33044,0.14708,-0.23251,0.098852,-0.019937,-0.32467,-0.33364,0.22685,0.64228,0.47728,-0.52869,0.4926,0.54211,0.32737,-0.46391,-0.36657,-0.78107,-0.0047471,0.09964,0.71925,0.45077,-1.2802,0.040324,-0.42678,0.1871,0.022028,0.068359,-0.17906,-0.19315,-0.47368,-1.0194,-0.31998,0.00050712,0.089782,0.083973,-0.017974,-0.55559,-0.77212,1.279,-0.50212,-0.14708,0.3476,-0.17993,-0.52068,0.6329,-0.19406,0.47947,-0.2639,-0.27019,-0.31702,-0.8529,-0.36723,0.43275,0.18872,-0.62167,0.40202,-0.022604,1.1467,0.11221,0.24537,-0.2522,-0.11321
-0.1071,-0.47778,-0.16768,0.31866,0.1693,-0.64687,0.75235,1.148,0.91145,-0.44712,-0.43879,-0.15048,0.14317,0.22653,-0.62671,-0.19506,0.68861,0.53881,-0.11579,-0.52949,-0.42303,-0.097429,0.48123,-0.20371,5.3521,0.40253,-0.11942,-0.2174,0.99307,-0.9962,0.46047,-0.44975,-0.52884,-1.1588,0.61002,0.66211,-0.57468,-0.21239,0.65677,-0.3107,0.2793,0.39062,0.88683,0.54253,0.53974,0.20168,-0.38713,0.046863,-0.43776,-0.24132,0.2976,0.48349,-0.070259,-0.46684,-0.85913,0.081698,-0.12434,0.0098417,-0.74449,-0.19515,0.19857,0.035929,-0.018988,0.034069,-0.44512,-0.0025375,-0.89915,0.16841,0.63717,0.055779,-0.32847,-0.10744,0.13233,0.24603,0.14755,0.42059,-0.49338,0.42176,-0.42172,-0.40273,0.38884,0.062837,0.23536,-0.40979,-1.23,-0.19803,0.039295,0.098474,0.49367,0.26454,-0.17267,-0.5704,-0.077176,0.13875,-0.65921,0.61005,0.19232,-0.16119,0.45282,0.21992
0.1669,0.78368,-0.28256,-0.38689,0.16065,-0.031329,0.64721,0.68792,-0.46159,-0.10003,0.27327,-0.055749,-0.61305,0.16695,-0.3035,-0.031822,0.078451,-0.19358,0.59498,-0.38685,0.23749,-0.042998,-0.90768,-0.76522,0.40253,5.8822,-0.0049898,0.25793,-0.14651,-0.65189,0.48529,0.48783,-0.38259,-0.63971,-0.83912,-0.84549,0.41994,1.336,-0.26574,0.14358,-0.57554,-0.91821,0.79771,-0.14552,-0.38392,-0.36945,-0.12351,0.11875,-0.26391,-0.18208,-0.40673,-0.31793,0.80477,-0.044351,-0.054324,0.20379,0.20437,-0.30281,-0.25706,-0.11538,-0.37929,-0.40374,0.58812,0.25774,-0.3441,0.37358,-0.10358,0.40588,0.52074,0.59782,0.47157,-0.69305,0.07191,-0.097269,0.28673,-0.16117,0.3818,0.059939,-0.5725,-0.35305,0.044679,-0.35527,0.61697,0.39355,-0.33119,-0.09841,0.24834,0.20969,0.091401,0.13631,-0.42006,0.38061,0.95131,0.2718,-0.23594,-0.015529,-1.1686,1.1607,-0.36729,-1.0029
-0.44771,0.31066,0.44289,-0.13576,0.42466,-0.54078,0.097082,0.56354,0.27878,-0.36435,-0.15312,0.15442,0.15738,-0.13464,0.061807,-0.16686,0.7251,0.28164,-0.073985,-0.60174,-0.058092,0.31711,0.23635,0.54045,-0.11942,-0.0049898,4.2073,-0.56418,-0.46481,-0.044789,0.46806,-0.21777,0.10625,-0.076556,-0.28566,-0.70966,-0.211,0.85529,-0.29196,0.096004,1.1233,0.52729,0.10647,0.43703,-0.2758,-0.45217,-0.55253,-0.23798,-0.10144,-0.34445,-0.30541,-0.1868,0.41772,0.30322,0.18873,-0.6708,0.19607,-0.43835,0.18492,0.59715,0.17997,-0.076948,0.049166,0.31846,0.2306,-0.37963,0.80817,0.33818,0.21034,0.35656,0.39916,0.7648,0.96151,-0.33205,-0.27478,-0.75098,0.45002,0.48631,0.50082,-0.065846,-0.94163,-0.33326,0.29446,0.10403,0.70118,-0.19767,0.021927,-0.47101,-0.27247,-0.76066,0.31514,0.014874,-0.52887,0.072903,-0.83963,0.33227,-0.89151,-0.51154,0.43366,0.9858
-0.73451,0.52978,-0.23857,-0.18234,-0.9412,0.6101,-0.024583,-0.1799,0.16912,0.76971,-0.22586,-1.1035,0.50193,-0.12373,-0.25613,-0.34968,-0.20923,-0.45065,0.4628,0.68413,-0.57024,-0.31807,-0.25181,-0.15966,-0.2174,0.25793,-0.56418,3.7641,0.25063,0.62741,-0.70854,0.11614,0.2508,-1.1731,-0.088565,-0.35177,-0.0413,0.21687,-0.43163,-0.36955,-0.75434,-0.60293,-0.14839,0.8288,-0.41041,0.3909,0.39129,0.22262,-0.16516,-0.14351,0.43507,0.018886,0.37675,-0.08767,-0.11833,0.7723,0.19268,-0.25596,-0.011773,0.043971,0.12045,-0.060086,-0.15735,0.19778,-0.043726,-0.86619,0.16697,-0.32444,-0.099136,-0.1808,-0.5545,0.19597,0.66376,0.096808,0.39149,0.77438,-0.51841,-0.55809,-0.3986,-0.5204,0.16094,0.007015,-0.16993,0.23575,0.31126,0.29277,-0.50755,-0.53701,0.25745,-0.07962,0.349,0.33773,-0.23098,0.30969,-0.2891,0.86341,-0.038016,-0.0056423,-0.063359,0.079755
-0.24301,0.2851,0.0023685,-0.84774,-0.52274,-0.37144,0.52464,-0.12086,-0.18992,0.46537,1.4194,0.30138,-0.041793,0.094428,0.35206,0.85421,-0.52343,-0.15932,0.11838,-0.22419,-0.0038623,-0.094202,0.64947,0.4689,0.99307,-0.14651,-0.46481,0.25063,5.1811,-0.56371,0.045355,0.14885,-0.43621,0.1549,0.010143,0.13157,0.12631,-0.42654,-0.23459,-0.8847,0.46016,0.10597,0.47254,0.14999,0.41578,0.54766,0.96787,0.40881,-0.2807,-0.6916,0.46432,0.8532,0.42182,-0.48959,-1.2389,-0.27141,0.17561,-0.44576,-0.042481,-0.38068,-0.25397,-0.60716,-0.2631,-0.62016,-0.37615,0.042773,0.26921,-0.18286,0.073049,0.11869,-0.31473,1.1349,0.5868,0.73702,-0.61744,0.36146,-0.13481,-0.3208,0.52196,-0.0057071,-0.87387,-0.094774,-0.4939,0.30679,0.01375,-0.1285,0.011102,-0.12255,0.041642,0.64887,-0.31823,-0.44144,0.1258,-0.032629,0.44732,-0.12924,-0.39514,0.14985,-0.72277,-0.30626
-0.12177,0.33605,0.35145,0.18663,-0.49521,0.072864,0.50204,0.59461,-0.46833,0.21847,0.19035,-0.81711,0.02056,-0.019218,0.38051,-0.76596,-0.034688,0.11724,-0.067982,-1.255,-0.46787,-0.083712,0.4689,0.023873,-0.9962,-0.65189,-0.044789,0.62741,-0.56371,5.0694,-0.22598,-0.62089,-0.096934,0.55893,1.1729,-0.6102,0.040491,0.28494,0.26343,0.31443,-0.32906,-0.32394,-0.016479,-0.010598,-0.079831,-0.40897,0.89951,-0.018348,0.43108,-0.22996,0.57649,0.43432,0.16524,-0.3097,0.79677,0.045466,0.096367,-0.30929,-0.267,-0.79055,0.27313,1.1888,-0.1703,-0.25659,-0.15096,-1.1616,0.89491,0.15034,0.27611,0.4223,0.72365,0.72406,-0.02751,-0.34332,0.0084347,-0.051344,-0.20939,-0.63117,-0.39885,-0.051984,0.33782,-0.29083,0.10127,-0.25092,-0.50537,0.83614,-0.15406,0.13619,-0.015585,-0.66889,-0.32669,0.36424,0.41907,0.36032,0.078302,-0.45522,0.57094,-0.32379,-0.1446,-0.43106
-0.28854,-0.24001,-0.39859,-0.044187,-0.0077542,0.90185,0.023535,-0.52038,-0.17584,-0.54806,0.03273,0.13949,0.072116,-0.12764,1.0313,0.39737,0.034267,-0.67775,0.60384,-0.88953,-0.19239,0.37982,0.35316,0.19444,0.46047,0.48529,0.46806,-0.70854,0.045355,-0.22598,5.2963,-0.40019,-0.14705,-0.59575,0.51407,1.5352,0.83197,0.62442,0.14471,0.36776,-0.54455,1.0367,0.27856,0.12567,-0.21973,-0.30932,-0.19661,0.23427,0.25251,-0.13954,-0.36477,0.45803,-1.2604,-0.29296,0.11251,-0.18578,0.13489,-0.40118,0.072437,-0.043913,-0.55149,-0.34036,-0.14619,0.42721,0.26072,0.19789,0.29433,0.0092815,0.4959,0.16485,0.49722,-0.051555,0.80568,0.42803,-0.50006,-0.11394,-0.003388,0.013666,-0.934,0.64657,0.77816,0.26948,0.17787,0.2046,0.16724,0.42012,-0.233,-0.32496,-0.88566,0.14501,0.33462,0.023515,0.19725,-0.053324,-0.1766,-0.84871,-0.67479,-0.16769,0.216,0.20682
1.0761,0.20967,0.15308,0.46466,-0.49879,0.18496,-0.31734,0.68479,-0.29688,-0.3468,-0.11786,0.080474,0.14635,0.19318,0.71813,-0.11083,-0.67569,0.19764,-0.14944,-0.34969,0.28773,0.75623,0.09868,-0.52867,-0.44975,0.48783,-0.21777,0.11614,0.14885,-0.62089,-0.40019,4.871,1.2446,-0.31391,0.047319,0.26493,0.53243,0.2255,0.22781,-0.14263,0.36989,0.88058,-0.35008,0.28235,0.12903,-0.50923,-0.38443,0.65754,-0.6002,-0.47215,0.46495,-0.42166,0.16012,0.043433,-0.62076,1.2549,0.23338,-0.36888,0.40761,0.10914,0.66187,0.15788,0.070524,-0.25351,-0.57549,-0.67781,-0.32098,0.11842,-0.70281,0.66802,-1.0734,-0.38026,0.041118,-0.42301,0.40653,-0.48824,0.052098,-0.045881,0.41702,-0.034227,-0.028299,0.050935,-0.41196,0.3384,0.96572,-0.51572,0.64555,-0.21977,0.22923,0.5099,0.48755,-0.22646,0.47655,-0.56805,0.16505,-0.61849,-0.22289,0.11961,-0.12945,-0.64418
-0.51689,0.63173,0.26647,0.83177,-0.36469,-0.36806,-0.072629,-0.28342,0.38317,0.028558,-0.023437,-0.41308,0.38062,0.45597,-0.59776,-0.2285,-0.49617,-0.31614,-0.51529,-0.48871,0.098461,0.84164,0.15754,-0.50161,-0.52884,-0.38259,0.10625,0.2508,-0.43621,-0.096934,-0.14705,1.2446,5.7604,0.13079,-0.35947,1.3808,0.19145,0.24673,0.25508,0.86869,0.00040008,-0.27964,1.1873,-0.11421,-0.42485,-0.37647,0.45913,0.13823,-0.14687,-1.1126,-0.71817,0.46989,0.7703,0.11878,1.0989,-0.25147,0.11419,0.26059,-0.24847,0.29573,-0.38162,-0.10284,0.019833,0.14587,0.33499,-0.59615,-0.23741,-0.41181,-1.0444,-0.36738,-0.48836,-0.097273,0.56906,0.23387,-0.22115,0.013563,-0.29814,0.45538,-0.039263,0.40906,-0.23104,0.061789,0.099221,0.51265,-0.13413,-0.27683,0.59526,0.018132,0.25461,-0.010506,-0.052614,-1.1,-0.41491,-0.40112,0.42465,0.46138,0.3782,0.41377,0.05728,0.22164
0.58078,0.11434,-0.21391,-0.085208,0.54445,-1.0609,-0.89484,0.19,0.36711,0.076216,0.74689,0.17575,-0.47254,-0.063319,0.64375,-0.55079,-0.37782,-0.5665,-0.040291,0.18139,0.53391,-0.26942,-0.11621,-0.2502,-1.1588,-0.63971,-0.076556,-1.1731,0.1549,0.55893,-0.59575,-0.31391,0.13079,4.388,0.045812,0.19779,-0.29223,0.17818,0.056118,-0.53245,0.09076,-0.15827,0.030205,-0.15885,0.16686,-0.47474,0.47572,0.018499,0.60135,-0.086371,0.14986,-0.67915,-0.039255,-0.14555,0.28976,-0.89655,0.079517,-0.41337,-0.59045,0.43782,0.42468,-0.28806,0.6728,-0.083562,0.0080775,-0.055824,-0.43872,0.34423,0.47632,0.52493,-0.10625,0.23755,-0.59745,0.33727,-0.96288,-0.31266,0.10517,0.39063,-0.26387,0.86873,-0.10378,-0.31061,-0.22639,-0.0072101,0.034586,0.50155,0.12995,0.2969,-0.091481,0.1629,-1.0088,0.14991,-0.70238,-0.17533,0.46626,-0.23738,0.34635,0.19564,-0.84647,0.02623
0.66147,0.62813,0.50254,0.14927,0.38914,0.40189,0.061798,0.052003,-1.2239,-0.023444,0.16618,0.26748,-0.0066509,-0.49349,0.033954,-0.64547,0.018706,0.134,-0.95886,-0.23243,0.3095,0.027009,-0.99027,-0.11174,0.61002,-0.83912,-0.28566,-0.088565,0.010143,1.1729,0.51407,0.047319,-0.35947,0.045812,4.787,0.6121,0.020685,-0.21938,0.22327,0.66744,-0.1206,0.48329,0.76712,0.17219,0.11335,0.36617,-0.46461,0.6094,-0.35732,0.010888,0.54022,-0.080464,-0.41483,-0.22795,-0.46227,0.072336,0.20064,-0.63789,-0.85186,0.6898,0.55746,-0.15357,-0.52924,-0.45215,0.48933,-0.69768,-0.74064,-0.38679,0.61748,0.010214,0.34287,0.40168,0.4284,0.24968,0.34563,0.089863,0.25357,-1.0083,0.15647,0.64734,0.2542,-0.28749,-0.42622,-0.13062,-0.18633,-0.27836,-0.20967,-0.030383,0.011609,-0.4723,0.11489,-0.21269,0.25395,1.0327,-0.4641,-0.037201,0.68439,-0.25118,0.26377,-0.25479
0.40391,-0.28249,0.45642,0.071664,-0.1115,0.039349,-0.5939,-0.048501,0.31066,0.35431,0.11976,0.42178,0.18009,-0.32347,0.0095087,-0.14104,0.26727,0.4127,-0.032148,0.38024,-0.17662,-0.097201,-0.0049174,-0.57506,0.66211,-0.84549,-0.70966,-0.35177,0.13157,-0.6102,1.5352,0.26493,1.3808,0.19779,0.6121,5.323,0.2674,0.39583,-0.35893,-0.42396,-0.32046,0.24452,0.10701,0.28872,0.14631,-0.49007,-0.13993,0.11467,0.039296,-0.52389,-0.43639,0.18746,-0.50656,-0.093151,0.15605,0.39621,-0.32223,0.52329,-0.47389,0.21611,0.2046,-0.21855,-0.23767,0.63544,-0.62335,0.18768,0.29554,-0.35553,-0.56399,-0.071593,0.43987,-0.29706,-0.10919,0.12939,0.69281,0.44574,0.23934,-0.23522,0.68495,0.91558,0.36549,0.073563,-0.055895,0.91386,-1.1562,1.3874,-0.29329,-0.4408,-0.646,0.48858,-0.26008,-0.41682,-0.42912,0.16454,0.1319,-0.041705,-0.10061,-0.35426,-0.71297,0.30202
-0.43117,-0.31904,-0.42569,-0.147,0.2798,0.090764,-0.43359,-0.12411,-0.29413,-0.7479,0.39829,-0.45462,-0.30006,-0.42815,0.30666,-0.57734,-0.3329,-0.33845,-0.49207,-0.43331,-0.47591,-0.58513,0.15745,1.0225,-0.57468,0.41994,-0.211,-0.0413,0.12631,0.040491,0.83197,0.53243,0.19145,-0.29223,0.020685,0.2674,4.8715,-0.39417,-0.73494,0.7067,-0.69097,0.16071,0.55678,-0.36111,0.12067,-0.32417,0.92944,0.12403,-1.0077,0.57695,0.053126,-0.33113,0.56888,-0.74345,-0.85266,0.34012,-0.37741,0.20546,-0.44677,-0.088788,0.66272,0.56174,-0.17238,0.31395,0.13422,0.98281,0.57664,-0.16291,-0.62925,-0.20999,-0.50089,-0.29034,-0.317,-0.081449,-0.21684,-0.21491,-0.048719,-0.59959,0.56413,0.040995,0.43887,-1.0392,0.38867,-0.010099,0.8543,0.28808,-0.13379,-0.0076883,-0.071279,0.12807,-0.27531,-0.68687,0.27968,-0.42396,-0.39242,-0.40056,-0.57224,0.44041,0.45829,0.44287
-0.12099,0.33631,-0.37475,-1.0598,0.16625,-0.051677,0.26158,0.78226,0.672,0.4324,-0.42884,0.17623,0.56137,-0.49371,0.34152,-0.38091,-0.89808,-0.64379,0.58085,-0.45717,0.7993,-0.11654,-0.50431,-0.067413,-0.21239,1.336,0.85529,0.21687,-0.42654,0.28494,0.62442,0.2255,0.24673,0.17818,-0.21938,0.39583,-0.39417,5.3831,0.22518,-0.13163,-0.14258,0.14783,-0.23183,-0.12712,0.59509,-0.04442,-0.29278,0.40852,0.29455,-0.1563,0.67917,-0.22466,-0.60873,0.074112,-0.17746,0.26208,0.35393,0.058262,0.051816,-0.0010951,0.1454,0.039129,-0.27142,0.39241,-0.084455,-0.48455,1.1317,0.079891,-0.49731,0.64692,0.7546,-0.15852,-0.50906,0.78675,-0.027893,-0.31146,-0.10222,-0.49829,0.081106,0.12349,-0.34987,0.47385,0.72978,0.86042,-0.37596,-0.59769,0.016031,0.17764,-0.075365,-0.88331,-0.69885,-0.50714,-0.31862,0.38508,0.28115,1.2746,0.017744,0.017525,0.1399,0.1341
-0.76309,0.023455,-0.38449,-0.1315,-0.3812,-0.061425,-0.50432,0.80884,-0.00043508,-0.72511,0.31321,-0.1185,0.20355,-0.33042,-0.19422,0.66071,0.35035,0.43232,0.049701,-0.18661,0.67376,0.044669,0.16959,0.33044,0.65677,-0.26574,-0.29196,-0.43163,-0.23459,0.26343,0.14471,0.22781,0.25508,0.056118,0.22327,-0.35893,-0.73494,0.22518,4.376,0.061555,-0.4626,-0.36759,0.54986,-0.83215,-0.34621,0.13632,-0.54914,-0.013775,0.58702,-0.17352,0.50644,0.040204,-0.35292,0.13766,-0.11468,-0.20945,0.60488,-0.2721,-0.13947,-0.48916,0.40708,0.28494,0.58205,-0.75044,0.40768,-0.21156,0.37211,-0.69862,-0.034262,0.52143,-0.78518,-0.89019,0.27941,0.44071,0.45788,-0.32776,-0.73716,0.78304,0.044539,-0.011078,0.64573,0.39704,-0.10617,-0.86654,-0.43534,-0.76874,-0.04792,0.064386,-0.98582,-0.4889,0.44352,-0.52462,-0.12245,-0.451,0.27897,-0.30428,0.40976,-0.40604,-0.59229,-0.72195
0.21291,0.094855,-0.21167,0.42246,-0.16834,-0.50446,-0.87253,-0.69266,0.10236,-0.7292,-0.95878,-0.28465,-1.0514,-0.12689,-0.068052,0.85362,-0.54664,-0.04706,-0.10598,-0.70977,1.1403,-0.22506,0.49968,0.14708,-0.3107,0.14358,0.096004,-0.36955,-0.8847,0.31443,0.36776,-0.14263,0.86869,-0.53245,0.66744,-0.42396,0.7067,-0.13163,0.061555,4.7404,0.63537,-0.69435,0.026724,-0.27806,0.17169,0.59912,-0.032633,-0.20316,-0.6072,0.39219,0.46555,0.77265,0.21839,-0.22086,0.65438,-0.06324,0.23768,0.56896,0.065424,0.21343,0.040511,-0.43067,0.090166,0.45784,-0.035088,0.53342,0.29467,-0.10645,0.54401,-0.084071,0.29136,0.46106,0.52772,-0.095807,0.40209,0.30931,0.5525,-0.040171,-0.19143,0.039698,0.43117,-0.065681,-0.23919,0.18117,0.12821,-0.35159,-0.2421,0.17082,0.74104,-0.57795,0.35135,-0.91406,0.63332,0.81897,-0.2366,0.0094945,0.33995,0.54754,0.47368,-0.41578
-0.13807,-0.27486,0.14903,-0.34912,-0.15625,-0.14428,-0.49584,-0.109,-0.86367,0.15036,-0.77185,0.071429,-0.71989,0.087514,-0.27066,-0.43995,0.67696,0.57249,0.19099,-0.37952,0.26017,0.046786,0.54201,-0.23251,0.2793,-0.57554,1.1233,-0.75434,0.46016,-0.32906,-0.54455,0.36989,0.00040008,0.09076,-0.1206,-0.32046,-0.69097,-0.14258,-0.4626,0.63537,4.2289,0.85149,-0.24085,-0.20555,0.47232,0.0046047,0.1048,-0.4578,0.35058,0.43585,0.21033,0.22171,0.41893,-0.097271,0.30696,0.60963,0.0081869,-0.038169,0.25342,0.26853,0.2016,-0.2688,-0.58403,0.13012,-0.12735,0.25616,-0.17956,0.65312,0.44188,0.45648,0.092493,0.73302,0.76321,-0.57952,-0.49137,0.046194,0.37781,0.019733,0.4145,-0.051654,-0.4647,0.75789,-0.34605,-0.0084496,-0.21374,-0.20255,1.3163,-0.36377,0.067255,-0.20846,-0.42438,-0.82655,-0.4531,-0.078114,0.54425,0.36464,-0.75303,0.095703,0.16101,-0.4887
-0.1361,-0.84076,0.67123,-0.48416,0.14495,0.55765,0.24158,-0.18902,-0.23019,0.063175,-0.71786,0.074211,0.61828,0.2111,0.49879,-0.17732,-0.24545,-0.62907,0.50284,-0.27011,0.29883,0.96385,-0.46292,0.098852,0.39062,-0.91821,0.52729,-0.60293,0.10597,-0.32394,1.0367,0.88058,-0.27964,-0.15827,0.48329,0.24452,0.16071,0.14783,-0.36759,-0.69435,0.85149,4.3275,-0.32576,-0.042519,0.37167,-0.10137,0.30866,0.98705,-0.38188,0.39701,0.095248,0.25534,-0.60284,0.37546,-0.27948,0.20301,-0.37809,-0.23669,-0.35206,0.23889,0.36602,0.010858,-0.276,-0.58523,0.11873,-0.1897,-0.31902,-0.042432,-0.032648,0.1946,-0.2455,0.27679,0.0016711,-1.365,-0.47612,-0.061459,-0.23608,0.24975,-0.2386,0.47455,0.069538,-0.37339,0.75164,-1.0104,0.19938,0.2892,0.53731,0.24488,0.34427,-0.074388,0.29747,-0.053255,0.17403,-0.78041,0.06262,0.38899,-0.26708,-0.19384,-0.036222,-0.0095793
-0.71903,0.52576,-0.62727,-0.7004,-0.13142,-0.84897,0.15757,-0.16562,-0.54428,-0.91662,-0.35829,-0.27092,0.15381,-0.13732,-0.81164,-0.41062,-0.50229,0.44483,0.16653,-0.77689,-1.0704,0.17046,-0.5414,-0.019937,0.88683,0.79771,0.10647,-0.14839,0.47254,-0.016479,0.27856,-0.35008,1.1873,0.030205,0.76712,0.10701,0.55678,-0.23183,0.54986,0.026724,-0.24085,-0.32576,5.012,0.019351,-0.51638,-0.42055,0.18873,0.33747,-0.25105,0.0025239,-0.55164,-0.34678,0.46956,-0.34382,0.14265,0.011638,-0.1904,0.02296,0.12323,0.45488,-0.090407,-0.39905,-0.40894,-0.83293,0.74861,0.31919,-0.65828,-0.652,0.13458,0.39068,0.32696,0.76547,-0.21436,-0.018116,0.30519,-0.73432,0.11743,-0.21397,-0.2572,-0.18444,-0.36041,-0.34805,-0.010418,-0.43963,-0.3152,-0.62515,-0.231,0.27959,0.050783,0.21926,-0.15973,0.05693,-1.1819,0.18205,0.61873,-0.34334,0.16901,-0.145,-0.76505,0.23012
0.47018,-0.062767,-0.71034,-0.10328,-0.28192,-0.038546,-0.3628,0.096977,0.97603,0.54958,-0.31632,-0.50219,0.39174,-0.5158,-0.63943,0.28786,-0.0051469,-0.12662,-0.60122,-0.54927,-0.75438,0.44135,0.57012,-0.32467,0.54253,-0.14552,0.43703,0.8288,0.14999,-0.010598,0.12567,0.28235,-0.11421,-0.15885,0.17219,0.28872,-0.36111,-0.12712,-0.83215,-0.27806,-0.20555,-0.042519,0.019351,5.2815,-0.19808,0.30515,0.17831,0.52731,0.35382,0.087242,-0.21798,-0.55197,-0.33092,-0.18082,0.17595,0.22133,-0.57253,-0.83299,0.15004,0.41729,-0.39311,0.094803,-0.4022,0.47642,-1.2283,-0.056639,-0.17846,0.2785,0.44839,-0.14455,-0.91703,0.40122,0.23631,-0.80999,-0.39775,-0.78818,0.48338,-0.0064965,0.1254,0.65485,0.13788,-0.014223,-0.99985,0.25499,-0.14217,-0.36064,-0.76015,-0.07158,-0.2336,-1.0874,-0.0050329,0.65346,0.60272,0.23871,-0.6912,-0.035412,0.39436,0.92625,-0.71329,0.77063
0.49478,0.41897,-0.13979,-0.35933,0.20471,0.075819,0.3658,-0.29439,1.7137,0.53093,-0.10388,0.62849,-0.73178,-1.3037,0.051589,-0.81196,0.10322,0.43264,0.051817,-0.046034,0.13643,-0.026093,0.36569,-0.33364,0.53974,-0.38392,-0.2758,-0.41041,0.41578,-0.079831,-0.21973,0.12903,-0.42485,0.16686,0.11335,0.14631,0.12067,0.59509,-0.34621,0.17169,0.47232,0.37167,-0.51638,-0.19808,4.1627,0.63976,0.33804,0.16893,-0.53315,-0.046211,0.23726,0.70835,0.2915,-0.064787,0.32474,0.17333,-0.13742,0.17812,0.24418,-0.03745,-0.22318,0.11096,-0.80349,-0.81465,-0.2327,0.19414,0.27548,0.34507,-0.24264,0.16192,-0.062338,-0.10206,-0.65504,0.78028,0.49806,-0.56995,-0.56841,-0.16106,-0.23006,0.67717,0.57434,-0.4847,-0.13381,-0.40288,0.31865,-0.012735,0.30757,0.12149,0.56641,-0.15088,0.033248,-0.018284,-0.42743,-0.12276,0.15229,-0.31902,-0.43457,0.19042,1.0437,-0.70478
0.45857,0.18439,-0.69343,-0.2972,0.40126,-0.10237,-0.020991,-0.39139,0.15585,-0.23373,0.65168,-0.4615,0.42279,-0.34366,-0.55578,0.12077,-0.027824,-0.35631,0.13145,0.31517,0.29108,0.60871,-0.24537,0.22685,0.20168,-0.36945,-0.45217,0.3909,0.54766,-0.40897,-0.30932,-0.50923,-0.37647,-0.47474,0.36617,-0.49007,-0.32417,-0.04442,0.13632,0.59912,0.0046047,-0.10137,-0.42055,0.30515,0.63976,4.5033,0.18326,0.029033,0.61918,-0.42694,-0.70635,0.25439,-0.79959,0.11813,0.52847,-0.7248,0.11855,0.5325,-0.11103,-0.1759,1.1703,0.25963,-1.2607,-0.09739,-0.24452,0.14044,0.052565,-0.82904,-0.52947,-0.027,0.18433,0.25281,-0.17272,-0.031558,-0.065836,1.0532,0.086806,0.086631,-0.12028,-0.0096821,0.43487,0.49633,-0.21685,-0.2291,0.94529,-0.74837,-0.07652,-0.012658,0.41691,-0.16107,0.16543,-0.64155,0.042964,0.66157,-0.72584,0.32881,-0.69844,0.79008,-0.34509,-0.7372
